0.0000 130.3143 10.2325 -7.8352 0.0111 -0.0147 0.9983 -0.0556
1.0000 128.6392 12.5970 0.5284 -0.0343 -0.0169 0.9968 -0.0700
2.0000 125.7430 11.0260 -4.5748 -0.0075 -0.0116 0.9984 -0.0552
3.0000 125.8749 14.1590 -3.1086 -0.0127 0.0241 0.9967 -0.0762
4.0000 124.7094 11.8319 -8.8239 0.0162 0.0086 0.9977 -0.0656
5.0000 122.9533 9.1794 -4.9961 -0.0056 0.0484 0.9976 -0.0502
6.0000 121.1667 17.6515 -0.8344 -0.0285 0.0104 0.9945 -0.1005
7.0000 120.5850 12.7283 -2.4413 -0.0156 -0.0092 0.9975 -0.0681
8.0000 119.4936 18.8439 5.5502 -0.0597 -0.0271 0.9926 -0.1022
9.0000 118.9968 11.4944 -0.6071 -0.0268 0.0087 0.9974 -0.0665
10.0000 117.5891 15.6905 2.6294 -0.0463 -0.0054 0.9950 -0.0879
11.0000 116.5513 11.0763 -3.0294 -0.0125 0.0014 0.9980 -0.0619
12.0000 115.6039 12.5634 2.1524 -0.0434 -0.0375 0.9956 -0.0744
13.0000 114.4268 9.2471 -9.2890 0.0100 0.0177 0.9982 -0.0560
14.0000 112.5441 12.9785 -0.6597 -0.0280 -0.0331 0.9961 -0.0774
15.0000 110.9071 14.6658 -5.5717 0.0044 -0.0228 0.9970 -0.0742
16.0000 111.7736 16.8774 1.7070 -0.0420 -0.0201 0.9943 -0.0958
17.0000 110.8173 11.9757 -3.6834 -0.0110 -0.0019 0.9977 -0.0669
18.0000 109.3297 11.1789 -4.1665 -0.0059 -0.0030 0.9977 -0.0670
19.0000 107.4884 12.9579 -7.2312 0.0074 -0.0173 0.9974 -0.0694
20.0000 107.3730 12.3886 -3.6601 -0.0080 0.0099 0.9972 -0.0741
21.0000 105.4874 14.3014 -9.6924 0.0192 -0.0090 0.9969 -0.0756
22.0000 103.1849 16.6059 -6.8130 0.0091 -0.0024 0.9948 -0.1014
23.0000 103.6932 12.0271 -7.2691 0.0101 -0.0205 0.9974 -0.0681
24.0000 102.7220 15.1844 -5.6224 0.0008 0.0206 0.9960 -0.0867
25.0000 101.8416 13.7121 -5.7909 0.0004 0.0023 0.9973 -0.0737
26.0000 100.8412 12.6687 -1.0235 -0.0269 -0.0055 0.9971 -0.0716
27.0000 98.9238 12.4675 -9.2154 0.0163 -0.0195 0.9974 -0.0675
28.0000 98.3955 12.0083 -4.9671 -0.0059 -0.0081 0.9976 -0.0680
29.0000 97.7682 11.9678 -5.6919 0.0006 -0.0062 0.9976 -0.0694
30.0000 96.5583 12.0682 -4.5787 -0.0062 0.0106 0.9980 -0.0619
31.0000 95.7940 10.9619 -7.8071 0.0087 0.0114 0.9981 -0.0605
32.0000 95.3448 11.2434 -3.7675 -0.0133 0.0095 0.9977 -0.0650
33.0000 93.9035 11.5864 -6.7851 0.0071 -0.0185 0.9976 -0.0662
34.0000 93.0731 11.2451 -5.0663 -0.0039 0.0126 0.9980 -0.0625
35.0000 91.3432 9.6757 -6.3574 0.0043 0.0073 0.9983 -0.0579
36.0000 90.3273 9.3994 -6.5825 0.0043 0.0097 0.9986 -0.0511
37.0000 88.4917 15.1298 -5.4111 -0.0065 0.0223 0.9962 -0.0843
38.0000 88.3706 11.5010 -7.7287 0.0081 0.0181 0.9976 -0.0659
39.0000 87.1077 12.4797 -6.3778 0.0021 0.0172 0.9971 -0.0736
40.0000 86.3110 11.3008 -6.2790 0.0012 0.0116 0.9977 -0.0664
41.0000 85.8171 11.9997 -5.0116 -0.0070 0.0141 0.9976 -0.0681
42.0000 84.7610 12.0475 -8.6686 0.0151 0.0094 0.9971 -0.0736
43.0000 83.2532 14.2757 -6.6087 0.0031 0.0228 0.9958 -0.0890
44.0000 82.5122 12.5702 -7.4816 0.0098 0.0161 0.9979 -0.0615
45.0000 81.9487 12.2244 -5.8088 -0.0015 0.0173 0.9974 -0.0693
46.0000 81.2453 11.5263 -6.5268 0.0036 0.0198 0.9970 -0.0748
47.0000 80.8719 13.7553 -7.9057 0.0154 0.0075 0.9971 -0.0742
48.0000 79.6098 11.8108 -9.2769 0.0266 0.0063 0.9973 -0.0679
49.0000 78.7241 13.3247 -7.0716 0.0020 -0.0046 0.9969 -0.0786
50.0000 78.1245 14.7283 -5.5850 -0.0080 0.0145 0.9983 -0.0550
51.0000 78.7954 10.3385 -8.6167 0.0205 0.0044 0.9980 -0.0589
52.0000 77.3558 12.3095 -6.9667 0.0086 0.0109 0.9983 -0.0567
53.0000 76.4205 10.6245 -5.7437 -0.0077 0.0134 0.9980 -0.0605
54.0000 75.7602 11.8920 -5.8316 -0.0100 0.0025 0.9976 -0.0680
55.0000 74.6461 12.0258 -6.4447 0.0006 0.0248 0.9971 -0.0724
56.0000 73.6997 12.0353 -7.5328 0.0083 0.0154 0.9971 -0.0737
57.0000 72.4991 13.9678 -6.5633 0.0007 0.0164 0.9984 -0.0539
58.0000 72.1571 10.9275 -7.1706 0.0152 0.0124 0.9979 -0.0620
59.0000 71.5532 12.2587 -5.2899 -0.0034 0.0217 0.9981 -0.0577
60.0000 71.4196 10.9934 -5.8681 -0.0006 0.0288 0.9980 -0.0564
61.0000 70.9332 10.8102 -6.0618 -0.0064 0.0213 0.9976 -0.0659
62.0000 69.2507 13.3168 -5.4444 -0.0103 0.0201 0.9980 -0.0587
63.0000 68.0957 10.5816 -7.2591 0.0055 0.0045 0.9981 -0.0609
64.0000 67.5768 11.9050 -5.9578 -0.0035 0.0165 0.9983 -0.0565
65.0000 67.0068 10.0040 -6.5405 -0.0064 0.0052 0.9992 -0.0388
66.0000 66.4614 12.7303 -6.5555 -0.0069 0.0032 0.9986 -0.0518
67.0000 65.8121 14.4152 -6.3238 -0.0035 0.0118 0.9980 -0.0616
68.0000 65.2801 14.0890 -5.9347 -0.0051 0.0152 0.9979 -0.0633
69.0000 64.6700 13.1343 -5.2558 -0.0099 0.0117 0.9980 -0.0613
70.0000 64.0677 12.5566 -5.1721 -0.0098 0.0153 0.9982 -0.0570
71.0000 63.3213 12.7981 -5.5377 -0.0082 0.0189 0.9981 -0.0577
72.0000 62.7191 12.9749 -5.5320 -0.0097 0.0227 0.9979 -0.0595
73.0000 62.2797 12.9820 -5.3177 -0.0114 0.0202 0.9979 -0.0609
74.0000 61.7104 12.8155 -5.1904 -0.0115 0.0183 0.9978 -0.0620
75.0000 61.0698 12.6649 -5.3231 -0.0089 0.0186 0.9979 -0.0611
76.0000 60.3440 12.7124 -5.3179 -0.0092 0.0217 0.9978 -0.0620
77.0000 59.8419 12.5009 -5.9184 -0.0075 0.0191 0.9979 -0.0611
78.0000 59.4165 12.3547 -5.8508 -0.0067 0.0169 0.9979 -0.0619
79.0000 58.9121 12.4402 -5.7810 -0.0079 0.0177 0.9978 -0.0630
80.0000 58.4283 12.5489 -5.5159 -0.0099 0.0230 0.9976 -0.0650
81.0000 57.8996 12.3626 -5.6760 -0.0093 0.0168 0.9977 -0.0643
82.0000 57.3857 12.3238 -5.3831 -0.0104 0.0195 0.9976 -0.0652
83.0000 56.8843 12.2185 -5.5850 -0.0077 0.0183 0.9977 -0.0651
84.0000 56.3801 12.1410 -5.4636 -0.0093 0.0191 0.9977 -0.0650
85.0000 55.9264 12.0602 -5.8283 -0.0076 0.0111 0.9978 -0.0656
86.0000 55.4312 11.9217 -5.5629 -0.0099 0.0119 0.9978 -0.0645
87.0000 54.9696 11.9452 -5.4940 -0.0112 0.0175 0.9977 -0.0651
88.0000 54.6107 11.9277 -5.8827 -0.0078 0.0145 0.9978 -0.0650
89.0000 54.1817 11.9122 -5.6640 -0.0093 0.0135 0.9977 -0.0652
90.0000 53.7047 11.9032 -5.7963 -0.0076 0.0096 0.9978 -0.0653
91.0000 53.2802 11.8107 -5.7151 -0.0089 0.0134 0.9978 -0.0645
92.0000 52.8431 11.6960 -6.0852 -0.0045 0.0071 0.9980 -0.0629
93.0000 52.5171 11.6452 -5.7365 -0.0070 0.0110 0.9979 -0.0628
94.0000 52.1821 11.6476 -5.3905 -0.0113 0.0186 0.9977 -0.0637
95.0000 51.7647 11.5260 -5.4291 -0.0119 0.0200 0.9978 -0.0628
96.0000 51.3498 11.4667 -5.7089 -0.0096 0.0149 0.9979 -0.0616
97.0000 51.0214 11.4872 -5.7384 -0.0066 0.0153 0.9980 -0.0614
98.0000 50.7901 11.4842 -6.5729 -0.0040 0.0025 0.9981 -0.0618
99.0000 50.5540 11.4903 -5.8476 -0.0069 0.0086 0.9980 -0.0624
100.0000 50.2767 11.4544 -5.8320 -0.0044 0.0090 0.9980 -0.0619
101.0000 49.9344 11.3724 -5.5391 -0.0061 0.0162 0.9980 -0.0609
102.0000 49.6519 11.2800 -5.6801 -0.0055 0.0126 0.9981 -0.0605
103.0000 49.4650 11.3630 -5.4633 -0.0085 0.0126 0.9980 -0.0613
104.0000 49.2034 11.3415 -5.5612 -0.0066 0.0161 0.9980 -0.0612
105.0000 48.9307 11.3088 -5.6361 -0.0038 0.0163 0.9980 -0.0612
106.0000 48.7282 11.2756 -5.5763 -0.0059 0.0172 0.9979 -0.0620
107.0000 48.5123 11.2819 -5.4481 -0.0062 0.0170 0.9979 -0.0625
108.0000 48.3161 11.2122 -5.5016 -0.0047 0.0136 0.9980 -0.0616
109.0000 48.0993 11.1718 -5.5070 -0.0042 0.0114 0.9981 -0.0603
110.0000 47.8807 11.1001 -5.6467 -0.0074 0.0126 0.9980 -0.0608
111.0000 47.7257 11.0936 -5.8046 -0.0062 0.0138 0.9980 -0.0620
112.0000 47.5477 10.9890 -5.5897 -0.0081 0.0143 0.9980 -0.0613
113.0000 47.3047 10.9437 -5.4935 -0.0041 0.0115 0.9981 -0.0606
114.0000 47.1265 11.0163 -5.5103 -0.0079 0.0129 0.9980 -0.0615
115.0000 46.9549 10.9954 -5.6587 -0.0081 0.0155 0.9980 -0.0615
116.0000 46.7791 10.9451 -5.6538 -0.0096 0.0169 0.9979 -0.0613
117.0000 46.6395 10.9576 -5.8856 -0.0071 0.0120 0.9980 -0.0612
118.0000 46.5113 10.9797 -5.7622 -0.0074 0.0123 0.9980 -0.0623
119.0000 46.4017 11.0091 -5.9197 -0.0043 0.0109 0.9980 -0.0629
120.0000 46.2237 10.9771 -5.8603 -0.0078 0.0128 0.9979 -0.0632
121.0000 46.1518 10.9195 -5.7379 -0.0109 0.0150 0.9978 -0.0629
122.0000 46.0330 10.8711 -5.8175 -0.0061 0.0112 0.9980 -0.0627
123.0000 45.9117 10.8605 -5.5591 -0.0081 0.0169 0.9979 -0.0626
124.0000 45.7187 10.8482 -5.5724 -0.0063 0.0132 0.9979 -0.0629
125.0000 45.5324 10.8289 -5.6058 -0.0060 0.0139 0.9979 -0.0626
126.0000 45.3996 10.9952 -5.8333 -0.0044 0.0124 0.9978 -0.0646
127.0000 45.3137 10.9658 -5.7157 -0.0068 0.0152 0.9978 -0.0642
128.0000 45.2736 10.9079 -5.5611 -0.0089 0.0143 0.9978 -0.0637
129.0000 45.1702 10.8593 -5.5099 -0.0106 0.0154 0.9978 -0.0637
130.0000 45.0524 10.8136 -5.6329 -0.0084 0.0139 0.9978 -0.0635
131.0000 44.9903 10.8024 -5.7046 -0.0085 0.0150 0.9978 -0.0636
132.0000 44.9272 10.8683 -5.7685 -0.0078 0.0120 0.9978 -0.0645
133.0000 44.8288 10.9245 -5.6568 -0.0086 0.0134 0.9978 -0.0649
134.0000 44.7167 10.8788 -5.5326 -0.0082 0.0150 0.9978 -0.0642
135.0000 44.6318 10.7942 -5.4936 -0.0077 0.0154 0.9978 -0.0637
136.0000 44.5712 10.7427 -5.6622 -0.0070 0.0129 0.9979 -0.0635
137.0000 44.5477 10.8025 -5.6282 -0.0073 0.0141 0.9978 -0.0639
138.0000 44.4906 10.7868 -5.6365 -0.0072 0.0167 0.9978 -0.0639
139.0000 44.4444 10.8745 -5.6056 -0.0073 0.0159 0.9977 -0.0650
140.0000 44.4177 10.9023 -5.5925 -0.0074 0.0152 0.9977 -0.0655
141.0000 44.3417 10.8304 -5.7524 -0.0049 0.0124 0.9978 -0.0649
142.0000 44.3147 10.8098 -5.7792 -0.0060 0.0131 0.9978 -0.0645
143.0000 44.2241 10.7654 -5.8336 -0.0049 0.0138 0.9979 -0.0635
144.0000 44.2755 10.7713 -5.6195 -0.0067 0.0148 0.9979 -0.0634
145.0000 44.2905 10.8019 -5.5731 -0.0081 0.0147 0.9978 -0.0645
146.0000 44.2488 10.7677 -5.6991 -0.0056 0.0124 0.9978 -0.0646
147.0000 44.1894 10.7522 -5.8238 -0.0056 0.0107 0.9978 -0.0648
148.0000 44.1076 10.7191 -5.7356 -0.0073 0.0113 0.9979 -0.0638
149.0000 44.1135 10.6957 -5.7916 -0.0049 0.0128 0.9979 -0.0629
150.0000 44.1511 10.7386 -5.6925 -0.0062 0.0142 0.9979 -0.0632
151.0000 44.1563 10.8071 -5.6227 -0.0076 0.0166 0.9977 -0.0649
152.0000 44.1195 10.8284 -5.7706 -0.0071 0.0150 0.9977 -0.0657
153.0000 44.0948 10.8308 -5.9086 -0.0063 0.0109 0.9978 -0.0656
154.0000 44.1582 10.7325 -5.8255 -0.0068 0.0113 0.9979 -0.0636
155.0000 44.2272 10.7373 -5.6971 -0.0071 0.0125 0.9979 -0.0628
156.0000 44.1901 10.7916 -5.6278 -0.0070 0.0150 0.9979 -0.0633
157.0000 44.0941 10.8249 -5.6708 -0.0067 0.0165 0.9977 -0.0652
158.0000 44.0795 10.8528 -5.6977 -0.0066 0.0166 0.9977 -0.0657
159.0000 44.1047 10.8169 -5.7675 -0.0065 0.0138 0.9978 -0.0648
160.0000 44.1769 10.7699 -5.9175 -0.0058 0.0122 0.9979 -0.0632
161.0000 44.1652 10.7296 -5.7600 -0.0065 0.0136 0.9979 -0.0632
162.0000 44.1485 10.7391 -5.7008 -0.0068 0.0130 0.9979 -0.0636
163.0000 44.1773 10.9114 -5.7153 -0.0067 0.0143 0.9977 -0.0657
164.0000 44.1279 10.8258 -5.8338 -0.0041 0.0151 0.9978 -0.0648
165.0000 44.1954 10.6093 -5.7112 -0.0057 0.0168 0.9978 -0.0632
166.0000 44.2056 10.6277 -5.7425 -0.0050 0.0153 0.9979 -0.0632
167.0000 44.1942 10.8182 -5.6388 -0.0071 0.0123 0.9978 -0.0648
168.0000 44.1806 10.9364 -5.8410 -0.0051 0.0095 0.9978 -0.0648
169.0000 44.1647 10.8292 -5.7911 -0.0065 0.0126 0.9978 -0.0640
170.0000 44.1570 10.6957 -5.7262 -0.0053 0.0147 0.9979 -0.0632
171.0000 44.1474 10.6594 -5.7349 -0.0040 0.0152 0.9979 -0.0626
172.0000 44.1284 10.7126 -5.6615 -0.0063 0.0157 0.9978 -0.0633
173.0000 44.1730 10.7382 -5.6222 -0.0081 0.0158 0.9978 -0.0640
174.0000 44.1985 10.7404 -5.8109 -0.0053 0.0144 0.9978 -0.0641
175.0000 44.1620 10.6976 -5.7617 -0.0058 0.0139 0.9979 -0.0635
176.0000 44.1874 10.6672 -5.6395 -0.0070 0.0162 0.9979 -0.0630
177.0000 44.1457 10.6818 -5.7157 -0.0070 0.0143 0.9979 -0.0628
178.0000 44.1061 10.7551 -5.8477 -0.0044 0.0125 0.9979 -0.0637
179.0000 44.1274 10.8135 -5.6926 -0.0061 0.0155 0.9977 -0.0652
180.0000 44.1845 10.8274 -5.5936 -0.0077 0.0170 0.9977 -0.0649
181.0000 44.2241 10.7605 -5.7084 -0.0075 0.0143 0.9978 -0.0640
182.0000 44.1785 10.7297 -5.7630 -0.0069 0.0126 0.9979 -0.0632
183.0000 44.1633 10.7261 -5.6893 -0.0069 0.0143 0.9979 -0.0635
184.0000 44.1545 10.7737 -5.7704 -0.0043 0.0134 0.9979 -0.0638
185.0000 44.1678 10.7936 -5.7062 -0.0056 0.0150 0.9978 -0.0642
186.0000 44.2161 10.8058 -5.5984 -0.0074 0.0179 0.9977 -0.0645
187.0000 44.1691 10.7694 -5.6262 -0.0078 0.0158 0.9978 -0.0642
188.0000 44.1494 10.6966 -5.7725 -0.0067 0.0124 0.9979 -0.0634
189.0000 44.1546 10.6997 -5.8559 -0.0060 0.0117 0.9979 -0.0630
190.0000 44.1900 10.7452 -5.7039 -0.0065 0.0166 0.9978 -0.0636
191.0000 44.1716 10.7439 -5.8971 -0.0044 0.0124 0.9979 -0.0637
192.0000 44.1788 10.7652 -5.7123 -0.0062 0.0131 0.9979 -0.0637
193.0000 44.1980 10.7334 -5.5544 -0.0074 0.0179 0.9978 -0.0639
194.0000 44.1888 10.6791 -5.5754 -0.0073 0.0174 0.9978 -0.0635
195.0000 44.2128 10.7040 -5.7084 -0.0073 0.0137 0.9979 -0.0633
196.0000 44.1479 10.7659 -5.7106 -0.0069 0.0139 0.9978 -0.0639
197.0000 44.1136 10.7164 -5.7194 -0.0066 0.0163 0.9978 -0.0638
198.0000 44.1492 10.6822 -5.7387 -0.0066 0.0162 0.9978 -0.0632
199.0000 44.1719 10.6999 -5.7929 -0.0065 0.0131 0.9979 -0.0629
200.0000 44.1590 10.7174 -5.6190 -0.0071 0.0160 0.9978 -0.0635
201.0000 44.1886 10.7688 -5.5616 -0.0072 0.0177 0.9977 -0.0645
202.0000 44.1950 10.7721 -5.6258 -0.0070 0.0165 0.9977 -0.0649
203.0000 44.1436 10.7657 -5.8796 -0.0040 0.0116 0.9979 -0.0640
204.0000 44.1335 10.7486 -5.6918 -0.0062 0.0146 0.9979 -0.0634
205.0000 44.1653 10.7134 -5.5593 -0.0082 0.0173 0.9978 -0.0637
206.0000 44.1645 10.7626 -5.8745 -0.0054 0.0122 0.9979 -0.0640
207.0000 44.1491 10.7320 -5.7371 -0.0061 0.0138 0.9979 -0.0637
208.0000 44.0888 10.7452 -5.7161 -0.0067 0.0149 0.9978 -0.0647
209.0000 44.1599 10.7431 -5.6548 -0.0075 0.0152 0.9978 -0.0642
210.0000 44.2246 10.7576 -5.6878 -0.0073 0.0146 0.9978 -0.0639
211.0000 44.2040 10.7663 -5.8030 -0.0044 0.0131 0.9979 -0.0634
212.0000 44.1501 10.7413 -5.7037 -0.0056 0.0143 0.9978 -0.0638
213.0000 44.1113 10.6651 -5.6646 -0.0053 0.0158 0.9978 -0.0639
214.0000 44.1649 10.6889 -5.8036 -0.0062 0.0137 0.9979 -0.0636
215.0000 44.2074 10.7566 -5.8366 -0.0071 0.0116 0.9979 -0.0635
216.0000 44.2168 10.7997 -5.7147 -0.0076 0.0116 0.9979 -0.0631
217.0000 44.1276 10.7987 -5.6041 -0.0074 0.0133 0.9978 -0.0639
218.0000 44.1209 10.7748 -5.6601 -0.0070 0.0150 0.9978 -0.0649
219.0000 44.1847 10.7072 -5.7083 -0.0068 0.0163 0.9978 -0.0637
220.0000 44.2067 10.7332 -5.7729 -0.0065 0.0138 0.9979 -0.0633
221.0000 44.1749 10.7569 -5.7566 -0.0067 0.0124 0.9979 -0.0633
222.0000 44.1832 10.7373 -5.8316 -0.0065 0.0111 0.9979 -0.0635
223.0000 44.1754 10.7680 -5.7451 -0.0068 0.0142 0.9978 -0.0639
224.0000 44.1551 10.7922 -5.7123 -0.0048 0.0149 0.9978 -0.0645
225.0000 44.1617 10.7653 -5.5998 -0.0064 0.0153 0.9978 -0.0642
226.0000 44.1803 10.6997 -5.7732 -0.0074 0.0125 0.9979 -0.0637
227.0000 44.1806 10.7407 -5.7694 -0.0074 0.0138 0.9979 -0.0636
228.0000 44.1356 10.7405 -5.7713 -0.0067 0.0132 0.9979 -0.0635
229.0000 44.1454 10.7373 -5.7453 -0.0061 0.0132 0.9979 -0.0638
230.0000 44.1530 10.7558 -5.7845 -0.0040 0.0126 0.9979 -0.0641
231.0000 44.1932 10.7278 -5.6592 -0.0068 0.0139 0.9978 -0.0642
232.0000 44.1774 10.6843 -5.6897 -0.0079 0.0153 0.9979 -0.0631
233.0000 44.2160 10.7144 -5.7945 -0.0071 0.0137 0.9979 -0.0630
234.0000 44.1635 10.7420 -5.7864 -0.0063 0.0142 0.9979 -0.0634
235.0000 44.1856 10.7772 -5.8377 -0.0060 0.0124 0.9979 -0.0638
236.0000 44.2063 10.7493 -5.8764 -0.0058 0.0123 0.9979 -0.0637
237.0000 44.2058 10.7495 -5.7859 -0.0063 0.0131 0.9979 -0.0637
238.0000 44.2062 10.7237 -5.6978 -0.0068 0.0148 0.9978 -0.0636
239.0000 44.1773 10.7059 -5.7893 -0.0069 0.0138 0.9979 -0.0634
240.0000 44.1179 10.7237 -5.8933 -0.0062 0.0120 0.9979 -0.0635
241.0000 44.1174 10.7271 -5.8428 -0.0062 0.0122 0.9979 -0.0636
242.0000 44.2104 10.6942 -5.6322 -0.0068 0.0169 0.9978 -0.0634
243.0000 44.2609 10.7238 -5.6203 -0.0073 0.0153 0.9978 -0.0638
244.0000 44.1962 10.8099 -5.6518 -0.0071 0.0145 0.9978 -0.0646
245.0000 44.1647 10.7646 -5.7693 -0.0062 0.0151 0.9978 -0.0641
246.0000 44.1605 10.7028 -5.7950 -0.0063 0.0131 0.9979 -0.0633
247.0000 44.2166 10.7385 -5.7197 -0.0069 0.0121 0.9979 -0.0634
248.0000 44.1889 10.7817 -5.6581 -0.0053 0.0131 0.9979 -0.0639
249.0000 44.1534 10.7757 -5.6268 -0.0064 0.0139 0.9979 -0.0635
250.0000 44.1395 10.7367 -5.8440 -0.0050 0.0122 0.9979 -0.0633
251.0000 44.1858 10.6806 -5.8031 -0.0064 0.0132 0.9979 -0.0632
252.0000 44.2318 10.7353 -5.6562 -0.0077 0.0161 0.9978 -0.0638
253.0000 44.2262 10.7957 -5.6795 -0.0075 0.0155 0.9978 -0.0644
254.0000 44.2184 10.8188 -5.6875 -0.0067 0.0157 0.9978 -0.0647
255.0000 44.1887 10.7528 -5.6789 -0.0069 0.0144 0.9978 -0.0641
256.0000 44.1628 10.7507 -5.6389 -0.0073 0.0147 0.9978 -0.0637
257.0000 44.1428 10.7456 -5.7592 -0.0065 0.0149 0.9978 -0.0635
258.0000 44.1988 10.7871 -5.7734 -0.0064 0.0154 0.9978 -0.0637
259.0000 44.2099 10.7339 -5.7619 -0.0064 0.0142 0.9979 -0.0635
260.0000 44.1815 10.7371 -5.6058 -0.0072 0.0147 0.9978 -0.0636
261.0000 44.1942 10.7676 -5.7546 -0.0043 0.0138 0.9979 -0.0637
262.0000 44.2035 10.8285 -5.7034 -0.0069 0.0145 0.9978 -0.0645
263.0000 44.1307 10.7616 -5.7214 -0.0081 0.0161 0.9978 -0.0642
264.0000 44.1439 10.7227 -5.7205 -0.0080 0.0147 0.9978 -0.0636
265.0000 44.2143 10.6783 -5.7238 -0.0064 0.0138 0.9979 -0.0630
266.0000 44.2313 10.7156 -5.6584 -0.0064 0.0147 0.9978 -0.0636
267.0000 44.1979 10.8014 -5.6704 -0.0068 0.0147 0.9978 -0.0644
268.0000 44.1569 10.8226 -5.6073 -0.0071 0.0169 0.9977 -0.0651
269.0000 44.1326 10.7986 -5.7703 -0.0073 0.0137 0.9978 -0.0645
270.0000 44.1528 10.6806 -5.7299 -0.0068 0.0161 0.9979 -0.0631
271.0000 44.1472 10.6863 -5.6605 -0.0072 0.0160 0.9978 -0.0638
272.0000 44.1880 10.7421 -5.5735 -0.0074 0.0154 0.9978 -0.0639
273.0000 44.2613 10.7929 -5.6748 -0.0072 0.0142 0.9978 -0.0639
274.0000 44.2299 10.7854 -5.8076 -0.0065 0.0132 0.9979 -0.0638
275.0000 44.1827 10.7834 -5.7287 -0.0066 0.0147 0.9978 -0.0650
276.0000 44.1456 10.7847 -5.5188 -0.0074 0.0168 0.9977 -0.0646
277.0000 44.1325 10.7802 -5.5176 -0.0077 0.0166 0.9978 -0.0634
278.0000 44.2228 10.7472 -5.6926 -0.0070 0.0153 0.9979 -0.0629
279.0000 44.2179 10.7432 -5.6881 -0.0066 0.0150 0.9979 -0.0632
280.0000 44.1898 10.7545 -5.6561 -0.0066 0.0157 0.9978 -0.0639
281.0000 44.1917 10.7093 -5.6590 -0.0071 0.0159 0.9978 -0.0637
282.0000 44.1997 10.7091 -5.7399 -0.0071 0.0144 0.9978 -0.0636
283.0000 44.2340 10.7593 -5.7856 -0.0064 0.0145 0.9978 -0.0642
284.0000 44.1864 10.7982 -5.7656 -0.0065 0.0146 0.9978 -0.0648
285.0000 44.1654 10.7039 -5.5922 -0.0071 0.0162 0.9978 -0.0636
286.0000 44.1553 10.7609 -5.7233 -0.0065 0.0140 0.9979 -0.0632
287.0000 44.1585 10.8352 -5.7175 -0.0067 0.0142 0.9979 -0.0635
288.0000 44.1992 10.8088 -5.6198 -0.0077 0.0150 0.9978 -0.0636
289.0000 44.2216 10.7498 -5.7503 -0.0068 0.0138 0.9978 -0.0645
290.0000 44.1940 10.7768 -5.7940 -0.0066 0.0156 0.9978 -0.0648
291.0000 44.1608 10.7475 -5.6572 -0.0069 0.0164 0.9978 -0.0637
292.0000 44.1657 10.7378 -5.5222 -0.0077 0.0152 0.9979 -0.0632
293.0000 44.1637 10.7472 -5.7134 -0.0048 0.0114 0.9979 -0.0631
294.0000 44.2262 10.8128 -5.7398 -0.0063 0.0132 0.9978 -0.0648
295.0000 44.2529 10.8253 -5.6785 -0.0079 0.0147 0.9977 -0.0650
296.0000 44.2102 10.7662 -5.6467 -0.0080 0.0154 0.9978 -0.0637
297.0000 44.1352 10.7059 -5.4737 -0.0078 0.0173 0.9978 -0.0633
298.0000 44.1669 10.7366 -5.6037 -0.0071 0.0162 0.9978 -0.0642
299.0000 44.2030 10.7761 -5.6968 -0.0066 0.0162 0.9977 -0.0648
300.0000 44.1791 10.7738 -5.7210 -0.0067 0.0155 0.9978 -0.0642
301.0000 44.1482 10.7159 -5.7037 -0.0068 0.0144 0.9979 -0.0632
302.0000 44.1597 10.6898 -5.6748 -0.0071 0.0141 0.9979 -0.0629
303.0000 44.1630 10.6702 -5.6682 -0.0069 0.0162 0.9978 -0.0631
304.0000 44.1344 10.7758 -5.6499 -0.0066 0.0167 0.9977 -0.0652
305.0000 44.1540 10.8474 -5.6640 -0.0063 0.0148 0.9977 -0.0657
306.0000 44.2020 10.8502 -5.6466 -0.0073 0.0124 0.9978 -0.0647
307.0000 44.1962 10.7363 -5.6385 -0.0077 0.0143 0.9979 -0.0632
308.0000 44.1244 10.6904 -5.6767 -0.0069 0.0155 0.9979 -0.0632
309.0000 44.1350 10.6650 -5.6702 -0.0066 0.0157 0.9978 -0.0634
310.0000 44.2240 10.7769 -5.6637 -0.0065 0.0162 0.9978 -0.0643
311.0000 44.2515 10.8823 -5.5730 -0.0071 0.0159 0.9977 -0.0651
312.0000 44.1908 10.7979 -5.6993 -0.0066 0.0148 0.9978 -0.0640
313.0000 44.1648 10.6815 -5.7950 -0.0062 0.0125 0.9979 -0.0629
314.0000 44.2013 10.7147 -5.7227 -0.0067 0.0140 0.9979 -0.0631
315.0000 44.2095 10.8016 -5.5717 -0.0071 0.0175 0.9978 -0.0634
316.0000 44.1954 10.7814 -5.5495 -0.0074 0.0177 0.9978 -0.0635
317.0000 44.1658 10.6747 -5.6401 -0.0073 0.0165 0.9977 -0.0647
318.0000 44.1274 10.7187 -5.7132 -0.0066 0.0160 0.9977 -0.0652
319.0000 44.1687 10.7933 -5.7170 -0.0065 0.0143 0.9977 -0.0656
320.0000 44.1670 10.7737 -5.7322 -0.0066 0.0148 0.9979 -0.0635
321.0000 44.1751 10.7461 -5.6655 -0.0071 0.0152 0.9979 -0.0632
322.0000 44.1643 10.7515 -5.8055 -0.0068 0.0139 0.9978 -0.0639
323.0000 44.1735 10.7732 -5.7659 -0.0066 0.0150 0.9978 -0.0645
324.0000 44.1642 10.7717 -5.7769 -0.0060 0.0134 0.9978 -0.0642
325.0000 44.1991 10.8161 -5.7919 -0.0061 0.0125 0.9978 -0.0646
326.0000 44.1694 10.8183 -5.6494 -0.0068 0.0154 0.9978 -0.0645
327.0000 44.1861 10.7392 -5.6163 -0.0076 0.0161 0.9978 -0.0638
328.0000 44.1999 10.6927 -5.7416 -0.0072 0.0141 0.9979 -0.0630
329.0000 44.1895 10.7173 -5.7735 -0.0067 0.0135 0.9979 -0.0631
330.0000 44.1522 10.7350 -5.6388 -0.0067 0.0172 0.9978 -0.0643
331.0000 44.1536 10.7289 -5.6426 -0.0069 0.0186 0.9977 -0.0646
332.0000 44.1856 10.7731 -5.6386 -0.0070 0.0166 0.9978 -0.0639
333.0000 44.2075 10.8116 -5.7135 -0.0070 0.0136 0.9978 -0.0640
334.0000 44.1863 10.7593 -5.8360 -0.0063 0.0107 0.9979 -0.0635
335.0000 44.2134 10.7517 -5.7673 -0.0065 0.0144 0.9978 -0.0638
336.0000 44.1673 10.7341 -5.6571 -0.0069 0.0167 0.9978 -0.0640
337.0000 44.1544 10.7797 -5.6430 -0.0072 0.0152 0.9978 -0.0647
338.0000 44.1945 10.7770 -5.6721 -0.0070 0.0144 0.9978 -0.0641
339.0000 44.2350 10.7941 -5.6967 -0.0069 0.0127 0.9979 -0.0635
340.0000 44.2046 10.7439 -5.6584 -0.0068 0.0144 0.9979 -0.0631
341.0000 44.1232 10.6852 -5.8009 -0.0062 0.0139 0.9979 -0.0633
342.0000 44.1215 10.7630 -5.7895 -0.0062 0.0157 0.9977 -0.0652
343.0000 44.1994 10.8602 -5.6781 -0.0069 0.0149 0.9977 -0.0657
344.0000 44.1874 10.8379 -5.5834 -0.0071 0.0150 0.9978 -0.0640
345.0000 44.2171 10.6766 -5.6325 -0.0068 0.0163 0.9979 -0.0624
346.0000 44.1910 10.6122 -5.6718 -0.0070 0.0154 0.9979 -0.0627
347.0000 44.1552 10.6889 -5.6785 -0.0065 0.0154 0.9978 -0.0638
348.0000 44.1572 10.8862 -5.7235 -0.0069 0.0126 0.9977 -0.0655
349.0000 44.1931 10.7999 -5.7646 -0.0065 0.0147 0.9977 -0.0651
350.0000 44.2556 10.7229 -5.7916 -0.0065 0.0166 0.9978 -0.0636
351.0000 44.1909 10.7129 -5.6956 -0.0070 0.0152 0.9979 -0.0631
352.0000 44.1375 10.6873 -5.7476 -0.0046 0.0120 0.9979 -0.0636
353.0000 44.1711 10.7270 -5.6998 -0.0061 0.0145 0.9978 -0.0637
354.0000 44.1999 10.7413 -5.6270 -0.0073 0.0162 0.9978 -0.0633
355.0000 44.2168 10.7151 -5.7350 -0.0070 0.0139 0.9979 -0.0635
356.0000 44.2141 10.6637 -5.7943 -0.0068 0.0139 0.9979 -0.0634
357.0000 44.1938 10.7139 -5.7013 -0.0074 0.0144 0.9978 -0.0640
358.0000 44.1565 10.7518 -5.6075 -0.0070 0.0154 0.9978 -0.0639
359.0000 44.1055 10.8074 -5.6264 -0.0066 0.0174 0.9977 -0.0649
360.0000 44.1452 10.8008 -5.6767 -0.0068 0.0147 0.9978 -0.0641
361.0000 44.2463 10.7166 -5.7290 -0.0069 0.0125 0.9979 -0.0633
362.0000 44.2275 10.7016 -5.6716 -0.0069 0.0148 0.9979 -0.0632
363.0000 44.1648 10.7050 -5.6201 -0.0074 0.0155 0.9978 -0.0634
364.0000 44.1279 10.7544 -5.6381 -0.0070 0.0183 0.9977 -0.0649
365.0000 44.1019 10.7879 -5.7375 -0.0064 0.0162 0.9977 -0.0653
366.0000 44.1488 10.7445 -5.6653 -0.0071 0.0145 0.9978 -0.0637
367.0000 44.2122 10.7482 -5.6600 -0.0071 0.0130 0.9979 -0.0631
368.0000 44.2409 10.7822 -5.6369 -0.0070 0.0149 0.9978 -0.0636
369.0000 44.1609 10.7581 -5.6618 -0.0069 0.0170 0.9978 -0.0635
370.0000 44.1416 10.7497 -5.6867 -0.0070 0.0176 0.9978 -0.0637
371.0000 44.1160 10.7624 -5.7590 -0.0065 0.0144 0.9978 -0.0650
372.0000 44.1983 10.7532 -5.6482 -0.0069 0.0152 0.9978 -0.0641
373.0000 44.1873 10.7900 -5.5986 -0.0075 0.0134 0.9979 -0.0637
374.0000 44.1667 10.7967 -5.6846 -0.0070 0.0142 0.9979 -0.0636
375.0000 44.1484 10.7412 -5.7470 -0.0066 0.0150 0.9979 -0.0634
376.0000 44.1221 10.7493 -5.7273 -0.0069 0.0134 0.9978 -0.0648
377.0000 44.1433 10.7357 -5.6431 -0.0067 0.0164 0.9978 -0.0646
378.0000 44.2017 10.7506 -5.7176 -0.0067 0.0154 0.9978 -0.0639
379.0000 44.2355 10.7781 -5.7243 -0.0071 0.0151 0.9978 -0.0635
380.0000 44.1877 10.7756 -5.6702 -0.0072 0.0157 0.9978 -0.0637
381.0000 44.1555 10.7206 -5.7479 -0.0062 0.0151 0.9978 -0.0645
382.0000 44.1778 10.7013 -5.7392 -0.0063 0.0145 0.9978 -0.0647
383.0000 44.1986 10.7773 -5.6678 -0.0072 0.0124 0.9978 -0.0641
384.0000 44.2266 10.8469 -5.6772 -0.0075 0.0142 0.9978 -0.0641
385.0000 44.2069 10.7947 -5.7316 -0.0070 0.0154 0.9978 -0.0637
386.0000 44.1678 10.7003 -5.7760 -0.0061 0.0151 0.9979 -0.0632
387.0000 44.1797 10.7039 -5.7118 -0.0068 0.0153 0.9978 -0.0635
388.0000 44.1636 10.7222 -5.6281 -0.0072 0.0162 0.9977 -0.0648
389.0000 44.2007 10.7479 -5.6727 -0.0065 0.0171 0.9978 -0.0642
390.0000 44.1954 10.7944 -5.7251 -0.0065 0.0158 0.9978 -0.0636
391.0000 44.1890 10.8124 -5.7261 -0.0069 0.0146 0.9978 -0.0637
392.0000 44.1863 10.7853 -5.7306 -0.0069 0.0146 0.9978 -0.0643
393.0000 44.2123 10.7475 -5.7341 -0.0066 0.0155 0.9978 -0.0640
394.0000 44.1989 10.7350 -5.6879 -0.0063 0.0164 0.9978 -0.0642
395.0000 44.2008 10.7085 -5.6484 -0.0066 0.0167 0.9978 -0.0641
396.0000 44.2119 10.6937 -5.6972 -0.0070 0.0156 0.9979 -0.0633
397.0000 44.1736 10.7827 -5.6660 -0.0069 0.0157 0.9978 -0.0637
398.0000 44.1872 10.7697 -5.7446 -0.0064 0.0150 0.9978 -0.0639
399.0000 44.2200 10.7189 -5.7143 -0.0063 0.0166 0.9978 -0.0644
400.0000 44.1969 10.7685 -5.7447 -0.0063 0.0163 0.9978 -0.0643
401.0000 44.1829 10.7617 -5.6843 -0.0069 0.0165 0.9978 -0.0639
402.0000 44.1885 10.6831 -5.6912 -0.0068 0.0159 0.9979 -0.0631
403.0000 44.1326 10.6699 -5.6318 -0.0045 0.0159 0.9979 -0.0632
404.0000 44.2004 10.7036 -5.6132 -0.0060 0.0160 0.9978 -0.0635
405.0000 44.1382 10.8088 -5.6097 -0.0074 0.0160 0.9978 -0.0640
406.0000 43.9116 10.7725 -5.5944 -0.0048 0.0171 0.9978 -0.0641
407.0000 43.7966 10.6638 -5.5648 -0.0045 0.0170 0.9979 -0.0630
408.0000 43.7292 10.6493 -5.6289 -0.0032 0.0150 0.9979 -0.0625
409.0000 43.6439 10.6908 -5.6339 -0.0034 0.0144 0.9979 -0.0630
410.0000 43.4515 10.7412 -5.6185 -0.0036 0.0159 0.9979 -0.0632
411.0000 43.2684 10.6865 -5.6105 -0.0035 0.0166 0.9978 -0.0635
412.0000 43.0365 10.6608 -5.5889 -0.0035 0.0163 0.9978 -0.0649
413.0000 42.8603 10.6676 -5.7406 -0.0055 0.0127 0.9978 -0.0649
414.0000 42.6423 10.5979 -5.6444 -0.0046 0.0158 0.9978 -0.0646
415.0000 42.2983 10.5664 -5.6825 -0.0027 0.0179 0.9977 -0.0650
416.0000 41.9398 10.5092 -5.8036 0.0002 0.0176 0.9978 -0.0643
417.0000 41.6886 10.4607 -5.6471 -0.0023 0.0148 0.9978 -0.0639
418.0000 41.3601 10.4283 -5.5721 -0.0044 0.0153 0.9978 -0.0645
419.0000 41.0048 10.3946 -5.5899 -0.0045 0.0162 0.9977 -0.0650
420.0000 40.5885 10.3534 -5.6425 -0.0035 0.0162 0.9978 -0.0649
421.0000 40.1592 10.2510 -5.7014 -0.0025 0.0159 0.9978 -0.0641
422.0000 39.6985 10.2928 -5.8868 -0.0025 0.0169 0.9978 -0.0646
423.0000 39.2569 10.1797 -5.7973 -0.0060 0.0173 0.9978 -0.0635
424.0000 38.8695 9.9949 -5.6448 -0.0078 0.0171 0.9979 -0.0620
425.0000 38.4251 9.9970 -5.6718 -0.0048 0.0144 0.9979 -0.0629
426.0000 37.8764 10.0427 -5.7890 -0.0043 0.0153 0.9979 -0.0631
427.0000 37.3623 10.0222 -5.8124 -0.0060 0.0182 0.9978 -0.0635
428.0000 36.8902 9.8718 -5.8618 -0.0037 0.0210 0.9978 -0.0626
429.0000 36.3104 9.7842 -6.0212 -0.0005 0.0163 0.9980 -0.0613
430.0000 35.7058 9.7605 -5.8781 -0.0034 0.0149 0.9980 -0.0606
431.0000 35.1288 9.6620 -5.9316 -0.0036 0.0097 0.9981 -0.0603
432.0000 34.5474 9.6136 -6.0960 0.0000 0.0107 0.9981 -0.0610
433.0000 33.9189 9.5333 -5.9276 0.0014 0.0184 0.9980 -0.0609
434.0000 33.3227 9.4742 -5.7982 -0.0046 0.0161 0.9980 -0.0608
435.0000 32.6829 9.4031 -5.7886 -0.0061 0.0162 0.9981 -0.0596
436.0000 32.0971 9.3199 -5.8719 -0.0060 0.0166 0.9982 -0.0580
437.0000 31.4825 9.2799 -6.1008 -0.0026 0.0127 0.9983 -0.0568
438.0000 30.8262 9.1819 -6.0668 -0.0042 0.0132 0.9983 -0.0569
439.0000 30.1984 9.0775 -6.0406 -0.0062 0.0156 0.9982 -0.0578
440.0000 29.6861 8.9829 -5.9044 -0.0066 0.0185 0.9981 -0.0583
441.0000 29.0062 8.9837 -5.9543 -0.0053 0.0153 0.9982 -0.0582
442.0000 28.3121 8.9212 -6.0932 -0.0050 0.0132 0.9982 -0.0581
443.0000 27.6952 8.8375 -6.1273 -0.0051 0.0122 0.9982 -0.0583
444.0000 27.1957 8.7932 -6.1582 -0.0052 0.0121 0.9982 -0.0581
445.0000 26.5894 8.7451 -6.1790 -0.0050 0.0125 0.9982 -0.0589
446.0000 25.9436 8.6933 -6.2362 -0.0043 0.0120 0.9982 -0.0587
447.0000 25.3726 8.5925 -6.0955 -0.0041 0.0121 0.9982 -0.0581
448.0000 24.7461 8.4695 -6.0865 -0.0046 0.0135 0.9982 -0.0583
449.0000 24.0725 8.4145 -6.2160 -0.0022 0.0119 0.9983 -0.0578
450.0000 23.3827 8.4288 -6.2023 -0.0007 0.0107 0.9983 -0.0576
451.0000 22.6609 8.3449 -6.1658 -0.0013 0.0102 0.9983 -0.0568
452.0000 21.9588 8.2835 -6.1165 -0.0051 0.0086 0.9984 -0.0564
453.0000 21.3452 8.1387 -6.1832 -0.0038 0.0099 0.9983 -0.0580
454.0000 20.6165 8.0655 -6.2475 -0.0041 0.0130 0.9982 -0.0586
455.0000 19.8754 7.9989 -6.1916 -0.0034 0.0169 0.9981 -0.0590
456.0000 19.1966 7.9454 -6.1489 -0.0009 0.0192 0.9981 -0.0581
457.0000 18.4633 7.9051 -6.3391 0.0003 0.0151 0.9982 -0.0574
458.0000 17.6731 7.8283 -6.1826 -0.0005 0.0128 0.9982 -0.0581
459.0000 16.8842 7.7418 -6.0857 -0.0043 0.0140 0.9982 -0.0580
460.0000 16.1645 7.7201 -6.1816 -0.0084 0.0146 0.9982 -0.0580
461.0000 15.3586 7.6043 -6.1743 -0.0078 0.0151 0.9982 -0.0581
462.0000 14.5214 7.4697 -6.1901 -0.0042 0.0116 0.9983 -0.0573
463.0000 13.7273 7.3545 -6.2882 -0.0044 0.0133 0.9983 -0.0565
464.0000 12.0902 7.1683 -6.4898 -0.0047 0.0177 0.9982 -0.0571
465.0000 10.7594 7.0264 -6.5166 -0.0023 0.0180 0.9982 -0.0580
466.0000 10.0376 6.9898 -6.4603 0.0017 0.0146 0.9982 -0.0581
467.0000 9.4507 6.9227 -6.4843 -0.0019 0.0178 0.9981 -0.0582
468.0000 8.6150 6.8064 -6.5208 -0.0060 0.0222 0.9980 -0.0583
469.0000 7.5489 6.6702 -6.5558 -0.0062 0.0243 0.9980 -0.0579
470.0000 6.5161 6.5876 -6.6698 -0.0040 0.0229 0.9981 -0.0579
471.0000 5.6065 6.5570 -6.8522 -0.0048 0.0211 0.9981 -0.0571
472.0000 4.6132 6.4314 -6.8917 -0.0064 0.0213 0.9981 -0.0575
473.0000 3.5649 6.2993 -6.5950 -0.0045 0.0219 0.9981 -0.0577
474.0000 2.5773 6.1610 -7.0122 0.0008 0.0154 0.9982 -0.0573
475.0000 1.5139 6.1343 -6.9928 0.0029 0.0169 0.9984 -0.0547
476.0000 0.4652 5.9762 -6.5898 0.0040 0.0179 0.9984 -0.0544
477.0000 -0.6282 5.8449 -6.6913 -0.0032 0.0160 0.9983 -0.0552
478.0000 -1.7206 5.7563 -7.5475 -0.0041 -0.0024 0.9983 -0.0573
479.0000 -2.8521 5.7207 -7.1910 -0.0035 0.0034 0.9984 -0.0572
480.0000 -3.9419 5.6080 -6.7110 -0.0064 0.0205 0.9982 -0.0553
481.0000 -5.0390 5.4489 -6.6309 -0.0062 0.0214 0.9982 -0.0559
482.0000 -6.1872 5.2267 -6.9395 -0.0044 0.0128 0.9983 -0.0570
483.0000 -7.2506 8.2451 -6.4267 -0.0095 0.0150 0.9975 -0.0687
484.0000 -8.3516 6.6077 -6.4747 -0.0108 0.0199 0.9978 -0.0623
485.0000 -9.6046 4.1685 -6.5985 -0.0070 0.0192 0.9984 -0.0530
486.0000 -10.8197 3.5378 -6.9541 -0.0082 0.0188 0.9984 -0.0525
487.0000 -11.8470 4.3363 -6.9401 -0.0096 0.0165 0.9982 -0.0567
488.0000 -12.9641 4.9813 -6.8051 -0.0097 0.0157 0.9982 -0.0578
489.0000 -14.0854 4.7968 -6.7878 -0.0090 0.0148 0.9982 -0.0568
490.0000 -15.2419 4.2988 -6.7582 -0.0086 0.0174 0.9983 -0.0551
491.0000 -16.0506 5.9085 -7.4818 -0.0036 0.0068 0.9977 -0.0674
