0.0000 130.0134 13.4183 -2.3374 -0.0194 0.0335 0.9968 -0.0693
1.0000 128.5686 11.9405 -1.7476 -0.0233 0.0312 0.9973 -0.0616
2.0000 127.5287 9.5341 -2.4664 -0.0171 0.0197 0.9982 -0.0542
3.0000 125.7499 11.3404 -1.8458 -0.0217 0.0195 0.9975 -0.0643
4.0000 125.0741 12.2532 -2.2777 -0.0193 0.0269 0.9973 -0.0661
5.0000 123.9069 12.6195 -3.1017 -0.0140 0.0223 0.9973 -0.0690
6.0000 122.9651 13.2652 -2.4364 -0.0205 0.0319 0.9967 -0.0718
7.0000 122.1590 10.4147 -2.6967 -0.0177 0.0298 0.9976 -0.0602
8.0000 120.6374 12.2276 -2.9876 -0.0150 0.0252 0.9972 -0.0685
9.0000 120.0685 10.1955 -2.3897 -0.0214 0.0311 0.9977 -0.0557
10.0000 118.6135 11.4560 -1.0043 -0.0330 0.0413 0.9965 -0.0644
11.0000 118.7876 7.6768 -2.2141 -0.0226 0.0286 0.9984 -0.0433
12.0000 118.1265 9.9046 -2.3889 -0.0253 0.0374 0.9975 -0.0543
13.0000 114.0937 15.1300 -1.8727 -0.0257 0.0262 0.9955 -0.0879
14.0000 115.3689 8.3449 -2.1485 -0.0231 0.0313 0.9981 -0.0478
15.0000 113.9256 10.1381 -2.9444 -0.0189 0.0307 0.9976 -0.0588
16.0000 111.2659 12.0330 -4.3666 -0.0075 0.0221 0.9970 -0.0737
17.0000 111.2284 11.0239 -2.3109 -0.0262 0.0342 0.9974 -0.0580
18.0000 110.0322 10.1973 -2.7253 -0.0199 0.0191 0.9977 -0.0615
19.0000 108.1825 13.1291 -2.7756 -0.0209 0.0199 0.9967 -0.0759
20.0000 108.2661 7.5399 -2.8455 -0.0211 0.0273 0.9983 -0.0480
21.0000 107.0488 8.7384 -2.9642 -0.0199 0.0264 0.9982 -0.0496
22.0000 105.9886 9.8667 -2.7915 -0.0212 0.0271 0.9975 -0.0616
23.0000 103.9137 13.4458 -2.9373 -0.0183 0.0213 0.9968 -0.0754
24.0000 104.3634 10.9268 -2.3698 -0.0269 0.0362 0.9971 -0.0607
25.0000 102.6985 10.1360 -3.2345 -0.0176 0.0228 0.9978 -0.0590
26.0000 100.8027 11.9957 -2.9920 -0.0209 0.0246 0.9969 -0.0719
27.0000 100.1225 11.6074 -3.2907 -0.0173 0.0221 0.9975 -0.0651
28.0000 98.8339 13.8612 -3.9449 -0.0121 0.0220 0.9967 -0.0769
29.0000 98.1538 11.5025 -3.4623 -0.0166 0.0254 0.9975 -0.0645
30.0000 96.8412 13.6364 -3.9889 -0.0134 0.0252 0.9966 -0.0778
31.0000 96.8891 10.0424 -3.6535 -0.0156 0.0251 0.9978 -0.0588
32.0000 94.9918 12.4695 -3.5393 -0.0167 0.0245 0.9968 -0.0746
33.0000 94.1103 13.7608 -3.5828 -0.0162 0.0230 0.9963 -0.0813
34.0000 93.1157 10.6929 -4.1276 -0.0125 0.0214 0.9983 -0.0524
35.0000 92.4518 11.2517 -4.0606 -0.0139 0.0214 0.9978 -0.0617
36.0000 90.9362 11.7044 -3.8965 -0.0155 0.0218 0.9981 -0.0559
37.0000 89.8709 14.0409 -4.1811 -0.0140 0.0238 0.9961 -0.0844
38.0000 88.4871 13.5750 -4.0623 -0.0156 0.0247 0.9962 -0.0820
39.0000 87.2196 13.7426 -4.5412 -0.0117 0.0240 0.9960 -0.0853
40.0000 86.5564 13.6354 -4.0896 -0.0157 0.0245 0.9964 -0.0791
41.0000 86.1258 12.7242 -4.5955 -0.0117 0.0233 0.9971 -0.0716
42.0000 85.3356 12.6499 -4.3767 -0.0135 0.0246 0.9967 -0.0767
43.0000 84.0926 12.4425 -4.3511 -0.0135 0.0250 0.9964 -0.0797
44.0000 84.0379 11.5878 -4.4740 -0.0129 0.0252 0.9971 -0.0702
45.0000 81.5034 14.6894 -4.6578 -0.0121 0.0244 0.9958 -0.0877
46.0000 81.9606 11.4423 -4.7466 -0.0105 0.0239 0.9973 -0.0679
47.0000 80.5032 13.1043 -4.3809 -0.0146 0.0231 0.9962 -0.0823
48.0000 80.0147 14.3050 -4.5016 -0.0138 0.0235 0.9957 -0.0888
49.0000 80.0115 13.1512 -4.5090 -0.0140 0.0230 0.9963 -0.0820
50.0000 78.6068 9.8080 -4.6485 -0.0123 0.0235 0.9983 -0.0522
51.0000 77.3933 9.8136 -4.7001 -0.0124 0.0228 0.9983 -0.0525
52.0000 76.9863 11.0193 -4.6303 -0.0138 0.0220 0.9974 -0.0677
53.0000 77.1361 11.2082 -4.2614 -0.0182 0.0248 0.9969 -0.0722
54.0000 75.9812 10.9627 -4.4869 -0.0155 0.0245 0.9973 -0.0677
55.0000 74.5100 10.8506 -4.5706 -0.0144 0.0244 0.9975 -0.0642
56.0000 73.7673 11.2958 -4.6266 -0.0143 0.0244 0.9975 -0.0641
57.0000 73.1092 10.1358 -4.7994 -0.0126 0.0252 0.9975 -0.0650
58.0000 72.3707 11.5154 -4.8172 -0.0126 0.0244 0.9969 -0.0733
59.0000 71.4276 10.9191 -4.8290 -0.0126 0.0245 0.9971 -0.0713
60.0000 70.9102 13.4453 -5.0664 -0.0099 0.0241 0.9983 -0.0525
61.0000 70.0517 13.7322 -4.9998 -0.0112 0.0240 0.9981 -0.0560
62.0000 69.3906 12.0260 -4.9140 -0.0124 0.0252 0.9967 -0.0764
63.0000 69.9364 10.8004 -4.7445 -0.0142 0.0249 0.9978 -0.0600
64.0000 69.1177 10.2414 -4.8634 -0.0133 0.0241 0.9978 -0.0602
65.0000 68.4555 11.0867 -5.0024 -0.0126 0.0251 0.9974 -0.0656
66.0000 66.6688 13.2311 -5.0658 -0.0122 0.0238 0.9980 -0.0572
67.0000 66.1368 13.1419 -5.1689 -0.0111 0.0235 0.9980 -0.0570
68.0000 65.5500 10.5941 -5.1125 -0.0120 0.0229 0.9986 -0.0463
69.0000 64.7482 13.0674 -5.1608 -0.0110 0.0219 0.9980 -0.0584
70.0000 64.2788 12.9257 -5.1057 -0.0121 0.0234 0.9979 -0.0587
71.0000 64.5783 10.8541 -5.0042 -0.0137 0.0247 0.9974 -0.0668
72.0000 63.0065 12.8176 -5.1785 -0.0115 0.0229 0.9978 -0.0604
73.0000 62.3592 12.9535 -5.2073 -0.0111 0.0233 0.9978 -0.0617
74.0000 61.8360 12.7199 -5.2630 -0.0103 0.0235 0.9978 -0.0608
75.0000 61.2914 12.7493 -5.1680 -0.0116 0.0227 0.9978 -0.0608
76.0000 60.7065 12.6929 -5.1933 -0.0112 0.0226 0.9977 -0.0626
77.0000 60.0961 12.7010 -5.2701 -0.0104 0.0226 0.9977 -0.0632
78.0000 59.6987 12.5034 -5.2803 -0.0107 0.0228 0.9977 -0.0632
79.0000 59.1385 12.4150 -5.3739 -0.0097 0.0231 0.9977 -0.0627
80.0000 58.6063 12.4082 -5.3069 -0.0106 0.0236 0.9976 -0.0644
81.0000 58.0855 12.2659 -5.3483 -0.0106 0.0223 0.9977 -0.0637
82.0000 57.6962 12.3153 -5.3304 -0.0106 0.0217 0.9976 -0.0645
83.0000 57.0599 12.1786 -5.4236 -0.0094 0.0222 0.9976 -0.0643
84.0000 56.5156 12.2020 -5.4077 -0.0101 0.0214 0.9976 -0.0650
85.0000 56.0707 12.0242 -5.2901 -0.0127 0.0208 0.9976 -0.0654
86.0000 55.5515 12.0185 -5.3869 -0.0111 0.0204 0.9977 -0.0634
87.0000 55.1014 11.8947 -5.4051 -0.0109 0.0204 0.9976 -0.0645
88.0000 54.7446 11.8172 -5.4306 -0.0100 0.0206 0.9977 -0.0636
89.0000 54.2329 11.9284 -5.3882 -0.0108 0.0187 0.9977 -0.0648
90.0000 53.7996 11.7713 -5.4314 -0.0109 0.0198 0.9976 -0.0647
91.0000 53.4627 11.7130 -5.4004 -0.0125 0.0193 0.9977 -0.0641
92.0000 53.1476 11.5045 -5.4625 -0.0103 0.0192 0.9978 -0.0627
93.0000 52.5866 11.5615 -5.4259 -0.0106 0.0182 0.9978 -0.0628
94.0000 52.3026 11.4955 -5.4174 -0.0108 0.0193 0.9977 -0.0634
95.0000 51.9370 11.4879 -5.4503 -0.0102 0.0188 0.9978 -0.0626
96.0000 51.4848 11.4540 -5.5095 -0.0097 0.0183 0.9979 -0.0617
97.0000 51.1336 11.3538 -5.5440 -0.0093 0.0184 0.9979 -0.0617
98.0000 50.9093 11.4350 -5.4885 -0.0099 0.0195 0.9979 -0.0607
99.0000 50.6087 11.4148 -5.4382 -0.0089 0.0189 0.9979 -0.0606
100.0000 50.3482 11.2969 -5.4977 -0.0074 0.0186 0.9979 -0.0612
101.0000 49.9748 11.3033 -5.5085 -0.0069 0.0189 0.9979 -0.0615
102.0000 49.7163 11.3753 -5.4116 -0.0095 0.0178 0.9979 -0.0609
103.0000 49.4657 11.3178 -5.5366 -0.0068 0.0184 0.9979 -0.0611
104.0000 49.2604 11.4156 -5.4778 -0.0077 0.0176 0.9979 -0.0619
105.0000 49.0297 11.2545 -5.4582 -0.0072 0.0172 0.9980 -0.0610
106.0000 48.8098 11.1652 -5.5275 -0.0046 0.0178 0.9979 -0.0615
107.0000 48.5804 11.1997 -5.4431 -0.0071 0.0170 0.9979 -0.0617
108.0000 48.3300 11.2602 -5.5093 -0.0068 0.0183 0.9979 -0.0623
109.0000 48.1560 11.1052 -5.5427 -0.0072 0.0177 0.9979 -0.0612
110.0000 48.0050 11.1396 -5.5284 -0.0073 0.0173 0.9979 -0.0621
111.0000 47.8176 11.1519 -5.5115 -0.0072 0.0155 0.9980 -0.0615
112.0000 47.6220 11.0712 -5.5252 -0.0081 0.0162 0.9979 -0.0620
113.0000 47.3460 11.0274 -5.5386 -0.0080 0.0167 0.9979 -0.0614
114.0000 47.2747 11.0160 -5.4536 -0.0104 0.0171 0.9979 -0.0618
115.0000 47.0597 10.9658 -5.5465 -0.0079 0.0171 0.9979 -0.0614
116.0000 46.7964 10.9819 -5.5925 -0.0083 0.0168 0.9979 -0.0628
117.0000 46.6869 10.9254 -5.6029 -0.0077 0.0168 0.9979 -0.0618
118.0000 46.5891 10.9558 -5.4816 -0.0098 0.0168 0.9979 -0.0625
119.0000 46.4141 10.9626 -5.5229 -0.0095 0.0168 0.9979 -0.0622
120.0000 46.3212 10.9494 -5.5398 -0.0110 0.0172 0.9978 -0.0625
121.0000 46.1308 10.9321 -5.5675 -0.0101 0.0176 0.9978 -0.0624
122.0000 45.9642 10.9212 -5.4825 -0.0109 0.0173 0.9978 -0.0638
123.0000 45.8519 10.8504 -5.4919 -0.0102 0.0183 0.9978 -0.0626
124.0000 45.6584 10.8340 -5.5140 -0.0098 0.0180 0.9978 -0.0638
125.0000 45.6168 10.8534 -5.5295 -0.0097 0.0183 0.9978 -0.0635
126.0000 45.3863 10.9437 -5.5658 -0.0093 0.0166 0.9978 -0.0635
127.0000 45.4264 10.9124 -5.5562 -0.0096 0.0160 0.9978 -0.0637
128.0000 45.2922 10.9240 -5.6170 -0.0093 0.0163 0.9978 -0.0640
129.0000 45.1760 10.9327 -5.5967 -0.0095 0.0163 0.9977 -0.0645
130.0000 45.0945 10.8197 -5.5929 -0.0095 0.0159 0.9978 -0.0640
131.0000 45.0141 10.9088 -5.6008 -0.0096 0.0162 0.9977 -0.0655
132.0000 44.9582 10.9762 -5.5701 -0.0093 0.0151 0.9977 -0.0652
133.0000 44.8240 10.8984 -5.5566 -0.0096 0.0156 0.9978 -0.0645
134.0000 44.7664 10.8696 -5.5651 -0.0089 0.0154 0.9978 -0.0642
135.0000 44.6984 10.8299 -5.5610 -0.0093 0.0160 0.9977 -0.0650
136.0000 44.6480 10.9071 -5.5775 -0.0091 0.0154 0.9978 -0.0639
137.0000 44.6150 10.8762 -5.5440 -0.0096 0.0157 0.9978 -0.0644
138.0000 44.4820 10.7660 -5.5901 -0.0086 0.0163 0.9978 -0.0641
139.0000 44.5070 10.8600 -5.6014 -0.0085 0.0160 0.9977 -0.0650
140.0000 44.4150 10.8115 -5.5861 -0.0088 0.0162 0.9977 -0.0645
141.0000 44.3714 10.8222 -5.5850 -0.0089 0.0162 0.9977 -0.0648
142.0000 44.3519 10.7790 -5.6012 -0.0088 0.0163 0.9978 -0.0637
143.0000 44.3103 10.8796 -5.5873 -0.0083 0.0167 0.9978 -0.0643
144.0000 44.3015 10.8318 -5.5916 -0.0084 0.0162 0.9978 -0.0639
145.0000 44.3141 10.8161 -5.5668 -0.0093 0.0161 0.9978 -0.0643
146.0000 44.2548 10.8286 -5.6487 -0.0070 0.0163 0.9978 -0.0637
147.0000 44.2236 10.7942 -5.6129 -0.0081 0.0155 0.9978 -0.0638
148.0000 44.1200 10.7508 -5.5778 -0.0088 0.0152 0.9978 -0.0635
149.0000 44.1649 10.6888 -5.5908 -0.0082 0.0160 0.9978 -0.0634
150.0000 44.0954 10.8522 -5.5956 -0.0086 0.0150 0.9978 -0.0643
151.0000 44.1499 10.7941 -5.5769 -0.0093 0.0160 0.9978 -0.0641
152.0000 44.0999 10.7673 -5.6464 -0.0072 0.0159 0.9978 -0.0639
153.0000 44.1987 10.7978 -5.6382 -0.0071 0.0150 0.9978 -0.0641
154.0000 44.1846 10.7546 -5.6370 -0.0070 0.0158 0.9978 -0.0636
155.0000 44.1969 10.7983 -5.6173 -0.0073 0.0153 0.9978 -0.0637
156.0000 44.1833 10.8354 -5.6352 -0.0068 0.0166 0.9977 -0.0647
157.0000 44.1353 10.7448 -5.6448 -0.0067 0.0165 0.9978 -0.0645
158.0000 44.1731 10.7121 -5.6174 -0.0073 0.0158 0.9978 -0.0641
159.0000 44.1803 10.7886 -5.6624 -0.0066 0.0158 0.9978 -0.0642
160.0000 44.2038 10.7956 -5.6483 -0.0068 0.0162 0.9978 -0.0641
161.0000 44.1528 10.8041 -5.6264 -0.0069 0.0156 0.9978 -0.0641
162.0000 44.1682 10.7621 -5.6443 -0.0070 0.0155 0.9978 -0.0636
163.0000 44.2216 10.7716 -5.6087 -0.0074 0.0159 0.9978 -0.0640
164.0000 44.1572 10.6741 -5.5756 -0.0084 0.0163 0.9978 -0.0635
165.0000 44.2203 10.7977 -5.6243 -0.0071 0.0159 0.9978 -0.0647
166.0000 44.1500 10.8565 -5.5427 -0.0090 0.0163 0.9977 -0.0649
167.0000 44.2292 10.8613 -5.6394 -0.0070 0.0160 0.9977 -0.0649
168.0000 44.2279 10.7663 -5.6314 -0.0069 0.0162 0.9978 -0.0638
169.0000 44.2129 10.7533 -5.5783 -0.0089 0.0162 0.9978 -0.0638
170.0000 44.1771 10.7723 -5.6316 -0.0070 0.0159 0.9978 -0.0637
171.0000 44.1305 10.7285 -5.6410 -0.0069 0.0163 0.9978 -0.0635
172.0000 44.2046 10.7609 -5.5573 -0.0088 0.0166 0.9978 -0.0637
173.0000 44.1781 10.7060 -5.5495 -0.0089 0.0161 0.9978 -0.0638
174.0000 44.1995 10.7362 -5.6349 -0.0069 0.0167 0.9978 -0.0637
175.0000 44.1946 10.7897 -5.5665 -0.0087 0.0163 0.9977 -0.0645
176.0000 44.1987 10.7226 -5.6455 -0.0068 0.0168 0.9977 -0.0647
177.0000 44.1931 10.7547 -5.6124 -0.0072 0.0163 0.9978 -0.0636
178.0000 44.1379 10.7287 -5.6193 -0.0072 0.0167 0.9978 -0.0639
179.0000 44.1667 10.7375 -5.6455 -0.0069 0.0164 0.9978 -0.0639
180.0000 44.2109 10.8261 -5.5896 -0.0083 0.0163 0.9978 -0.0634
181.0000 44.2150 10.7840 -5.5674 -0.0085 0.0167 0.9978 -0.0642
182.0000 44.1409 10.7765 -5.5684 -0.0087 0.0162 0.9978 -0.0635
183.0000 44.2622 10.7585 -5.5821 -0.0085 0.0170 0.9978 -0.0641
184.0000 44.1733 10.7835 -5.6466 -0.0069 0.0166 0.9978 -0.0642
185.0000 44.1440 10.7329 -5.6603 -0.0065 0.0164 0.9978 -0.0642
186.0000 44.2298 10.7928 -5.5787 -0.0081 0.0167 0.9978 -0.0639
187.0000 44.1578 10.7768 -5.5744 -0.0085 0.0161 0.9978 -0.0641
188.0000 44.1648 10.7250 -5.6236 -0.0071 0.0160 0.9978 -0.0635
189.0000 44.2114 10.7926 -5.5823 -0.0085 0.0164 0.9977 -0.0654
190.0000 44.1959 10.6967 -5.5912 -0.0081 0.0169 0.9978 -0.0638
191.0000 44.1905 10.7888 -5.6542 -0.0066 0.0162 0.9978 -0.0639
192.0000 44.2196 10.7955 -5.6141 -0.0072 0.0162 0.9977 -0.0648
193.0000 44.1697 10.7500 -5.5620 -0.0084 0.0166 0.9978 -0.0642
194.0000 44.1939 10.7813 -5.6402 -0.0069 0.0165 0.9978 -0.0646
195.0000 44.1618 10.8657 -5.5794 -0.0087 0.0163 0.9978 -0.0641
196.0000 44.1839 10.8069 -5.6550 -0.0068 0.0164 0.9978 -0.0642
197.0000 44.2328 10.7223 -5.5943 -0.0082 0.0166 0.9978 -0.0640
198.0000 44.2270 10.8187 -5.5585 -0.0088 0.0163 0.9978 -0.0643
199.0000 44.1577 10.7671 -5.5727 -0.0085 0.0168 0.9978 -0.0639
200.0000 44.1175 10.7687 -5.5679 -0.0087 0.0166 0.9978 -0.0639
201.0000 44.1703 10.7601 -5.6453 -0.0067 0.0163 0.9978 -0.0637
202.0000 44.1846 10.8299 -5.5815 -0.0084 0.0164 0.9978 -0.0644
203.0000 44.1701 10.8290 -5.6180 -0.0070 0.0158 0.9978 -0.0645
204.0000 44.2082 10.7622 -5.5787 -0.0085 0.0165 0.9978 -0.0642
205.0000 44.1974 10.8081 -5.6264 -0.0072 0.0160 0.9978 -0.0644
206.0000 44.1007 10.8295 -5.6392 -0.0070 0.0161 0.9978 -0.0639
207.0000 44.1747 10.8103 -5.5841 -0.0083 0.0164 0.9978 -0.0639
208.0000 44.1555 10.7962 -5.5576 -0.0089 0.0166 0.9978 -0.0643
209.0000 44.1767 10.7366 -5.5827 -0.0085 0.0161 0.9978 -0.0634
210.0000 44.2212 10.7143 -5.5698 -0.0086 0.0164 0.9978 -0.0638
211.0000 44.1469 10.8093 -5.6384 -0.0068 0.0163 0.9978 -0.0643
212.0000 44.1843 10.7138 -5.5706 -0.0085 0.0171 0.9978 -0.0638
213.0000 44.1767 10.6883 -5.5606 -0.0087 0.0168 0.9978 -0.0637
214.0000 44.1521 10.7088 -5.5774 -0.0085 0.0162 0.9978 -0.0633
215.0000 44.2082 10.7429 -5.5614 -0.0089 0.0165 0.9978 -0.0637
216.0000 44.1742 10.8166 -5.5525 -0.0092 0.0164 0.9978 -0.0641
217.0000 44.1818 10.6976 -5.5684 -0.0087 0.0163 0.9978 -0.0634
218.0000 44.2260 10.8152 -5.5554 -0.0091 0.0166 0.9977 -0.0646
219.0000 44.1734 10.7138 -5.5625 -0.0089 0.0168 0.9978 -0.0635
220.0000 44.2214 10.8096 -5.5642 -0.0090 0.0165 0.9977 -0.0648
221.0000 44.1696 10.7250 -5.5878 -0.0082 0.0161 0.9978 -0.0638
222.0000 44.2006 10.7031 -5.5615 -0.0090 0.0161 0.9978 -0.0642
223.0000 44.2438 10.8114 -5.5382 -0.0094 0.0168 0.9978 -0.0640
224.0000 44.1778 10.7454 -5.5918 -0.0085 0.0165 0.9978 -0.0638
225.0000 44.1878 10.8505 -5.6385 -0.0069 0.0160 0.9978 -0.0640
226.0000 44.1733 10.7970 -5.5810 -0.0088 0.0160 0.9978 -0.0639
227.0000 44.1364 10.7944 -5.6204 -0.0071 0.0157 0.9978 -0.0639
228.0000 44.2046 10.9111 -5.6219 -0.0071 0.0156 0.9978 -0.0644
229.0000 44.1729 10.7653 -5.5610 -0.0087 0.0163 0.9978 -0.0635
230.0000 44.2329 10.7598 -5.5593 -0.0088 0.0162 0.9978 -0.0640
231.0000 44.1834 10.7110 -5.5769 -0.0086 0.0162 0.9978 -0.0635
232.0000 44.0950 10.7385 -5.6335 -0.0070 0.0164 0.9978 -0.0636
233.0000 44.2426 10.7551 -5.5737 -0.0088 0.0164 0.9978 -0.0640
234.0000 44.1710 10.8001 -5.6558 -0.0068 0.0161 0.9978 -0.0639
235.0000 44.0816 10.8121 -5.5895 -0.0086 0.0160 0.9978 -0.0637
236.0000 44.1292 10.7053 -5.6448 -0.0069 0.0154 0.9979 -0.0631
237.0000 44.1447 10.7224 -5.5958 -0.0083 0.0159 0.9978 -0.0633
238.0000 44.2025 10.7936 -5.5932 -0.0087 0.0160 0.9978 -0.0638
239.0000 44.2340 10.8153 -5.5897 -0.0081 0.0159 0.9978 -0.0633
240.0000 44.1405 10.7380 -5.5787 -0.0089 0.0158 0.9978 -0.0633
241.0000 44.2010 10.7233 -5.6545 -0.0069 0.0155 0.9978 -0.0636
242.0000 44.1959 10.6538 -5.6100 -0.0082 0.0166 0.9978 -0.0632
243.0000 44.2333 10.7533 -5.5746 -0.0089 0.0158 0.9978 -0.0644
244.0000 44.1794 10.7970 -5.6329 -0.0070 0.0153 0.9978 -0.0642
245.0000 44.1397 10.8028 -5.6331 -0.0071 0.0158 0.9978 -0.0644
246.0000 44.1127 10.7169 -5.5663 -0.0092 0.0163 0.9978 -0.0641
247.0000 44.2464 10.7734 -5.6666 -0.0069 0.0156 0.9978 -0.0637
248.0000 44.1159 10.8503 -5.5886 -0.0083 0.0160 0.9978 -0.0638
249.0000 44.1262 10.7269 -5.5783 -0.0086 0.0158 0.9978 -0.0643
250.0000 44.1655 10.7707 -5.6388 -0.0069 0.0163 0.9978 -0.0637
251.0000 44.1470 10.8322 -5.5540 -0.0088 0.0163 0.9978 -0.0641
252.0000 44.2010 10.7515 -5.5830 -0.0087 0.0165 0.9978 -0.0638
253.0000 44.1865 10.8459 -5.5566 -0.0091 0.0159 0.9977 -0.0646
254.0000 44.1699 10.8202 -5.5984 -0.0080 0.0164 0.9978 -0.0642
255.0000 44.1056 10.7714 -5.5862 -0.0087 0.0157 0.9978 -0.0631
256.0000 44.1946 10.8132 -5.5939 -0.0081 0.0162 0.9978 -0.0638
257.0000 44.0961 10.7816 -5.6372 -0.0072 0.0155 0.9979 -0.0632
258.0000 44.1474 10.8106 -5.5797 -0.0090 0.0159 0.9978 -0.0639
259.0000 44.1340 10.7945 -5.5772 -0.0087 0.0163 0.9978 -0.0643
260.0000 44.2180 10.7956 -5.5545 -0.0091 0.0163 0.9978 -0.0643
261.0000 44.1875 10.7389 -5.6589 -0.0066 0.0163 0.9978 -0.0636
262.0000 44.0814 10.7548 -5.5919 -0.0086 0.0159 0.9977 -0.0648
263.0000 44.1389 10.6978 -5.5750 -0.0093 0.0160 0.9978 -0.0639
264.0000 44.0382 10.7899 -5.6160 -0.0076 0.0160 0.9978 -0.0634
265.0000 44.1844 10.6773 -5.5710 -0.0086 0.0166 0.9978 -0.0638
266.0000 44.1597 10.7496 -5.5716 -0.0090 0.0158 0.9978 -0.0637
267.0000 44.1425 10.7481 -5.6524 -0.0068 0.0157 0.9978 -0.0639
268.0000 44.1238 10.8631 -5.5943 -0.0083 0.0157 0.9978 -0.0646
269.0000 44.1336 10.8415 -5.6474 -0.0070 0.0157 0.9978 -0.0640
270.0000 44.1341 10.7781 -5.6556 -0.0068 0.0161 0.9978 -0.0636
271.0000 44.1687 10.7863 -5.5509 -0.0094 0.0163 0.9978 -0.0639
272.0000 44.2054 10.8513 -5.5615 -0.0092 0.0165 0.9977 -0.0648
273.0000 44.2015 10.7832 -5.5801 -0.0089 0.0159 0.9978 -0.0642
274.0000 44.2322 10.8377 -5.5966 -0.0081 0.0160 0.9978 -0.0636
275.0000 44.1531 10.8362 -5.6460 -0.0068 0.0163 0.9978 -0.0646
276.0000 44.2058 10.7657 -5.5724 -0.0086 0.0164 0.9978 -0.0639
277.0000 44.1473 10.7788 -5.5643 -0.0091 0.0163 0.9978 -0.0635
278.0000 44.1839 10.7627 -5.5572 -0.0089 0.0163 0.9977 -0.0647
279.0000 44.1622 10.7819 -5.5860 -0.0081 0.0165 0.9978 -0.0639
280.0000 44.1789 10.8293 -5.5933 -0.0088 0.0158 0.9978 -0.0643
281.0000 44.1590 10.7174 -5.6503 -0.0067 0.0160 0.9978 -0.0633
282.0000 44.1977 10.8092 -5.5874 -0.0088 0.0163 0.9978 -0.0641
283.0000 44.1812 10.7684 -5.6591 -0.0066 0.0163 0.9978 -0.0637
284.0000 44.1289 10.7807 -5.6023 -0.0081 0.0166 0.9978 -0.0644
285.0000 44.1716 10.7099 -5.5636 -0.0087 0.0168 0.9978 -0.0635
286.0000 44.1002 10.8282 -5.6519 -0.0067 0.0160 0.9978 -0.0642
287.0000 44.1392 10.7584 -5.6061 -0.0080 0.0163 0.9978 -0.0636
288.0000 44.1801 10.8073 -5.5623 -0.0088 0.0162 0.9978 -0.0639
289.0000 44.1953 10.8540 -5.6411 -0.0069 0.0159 0.9978 -0.0647
290.0000 44.2235 10.7817 -5.6092 -0.0084 0.0165 0.9978 -0.0643
291.0000 44.1938 10.7517 -5.5614 -0.0088 0.0164 0.9978 -0.0638
292.0000 44.2051 10.7864 -5.5735 -0.0082 0.0165 0.9978 -0.0636
293.0000 44.1888 10.8097 -5.6190 -0.0070 0.0157 0.9978 -0.0637
294.0000 44.2139 10.8035 -5.5605 -0.0090 0.0163 0.9977 -0.0649
295.0000 44.1762 10.6289 -5.6293 -0.0070 0.0158 0.9979 -0.0632
296.0000 44.2106 10.7811 -5.5575 -0.0090 0.0164 0.9978 -0.0637
297.0000 44.1643 10.7363 -5.5569 -0.0089 0.0156 0.9978 -0.0635
298.0000 44.2332 10.7692 -5.5794 -0.0089 0.0164 0.9978 -0.0639
299.0000 44.2044 10.8333 -5.6437 -0.0069 0.0168 0.9978 -0.0644
300.0000 44.1523 10.8140 -5.5811 -0.0089 0.0167 0.9977 -0.0643
301.0000 44.2022 10.7051 -5.6016 -0.0083 0.0162 0.9978 -0.0635
302.0000 44.2118 10.7480 -5.6042 -0.0080 0.0163 0.9978 -0.0636
303.0000 44.2334 10.7210 -5.5664 -0.0087 0.0171 0.9978 -0.0638
304.0000 44.1847 10.6794 -5.5653 -0.0087 0.0170 0.9978 -0.0636
305.0000 44.1408 10.8145 -5.5852 -0.0087 0.0170 0.9977 -0.0649
306.0000 44.1525 10.8032 -5.6362 -0.0072 0.0159 0.9978 -0.0646
307.0000 44.1523 10.8137 -5.5822 -0.0089 0.0165 0.9978 -0.0639
308.0000 44.1397 10.7458 -5.5727 -0.0087 0.0169 0.9977 -0.0644
309.0000 44.1706 10.7419 -5.5496 -0.0090 0.0167 0.9978 -0.0641
310.0000 44.1652 10.7792 -5.5830 -0.0085 0.0168 0.9977 -0.0649
311.0000 44.1047 10.7184 -5.5835 -0.0082 0.0166 0.9978 -0.0642
312.0000 44.2126 10.6543 -5.5913 -0.0085 0.0166 0.9978 -0.0633
313.0000 44.1567 10.8244 -5.5690 -0.0089 0.0160 0.9978 -0.0640
314.0000 44.2108 10.8326 -5.5545 -0.0092 0.0164 0.9978 -0.0641
315.0000 44.0881 10.7860 -5.5712 -0.0086 0.0169 0.9978 -0.0638
316.0000 44.1483 10.7858 -5.5517 -0.0090 0.0169 0.9978 -0.0641
317.0000 44.2224 10.7009 -5.5705 -0.0089 0.0167 0.9977 -0.0645
318.0000 44.1886 10.7825 -5.6217 -0.0072 0.0162 0.9978 -0.0639
319.0000 44.2182 10.6726 -5.6374 -0.0072 0.0162 0.9977 -0.0654
320.0000 44.1006 10.8096 -5.5560 -0.0093 0.0167 0.9978 -0.0637
321.0000 44.1906 10.7675 -5.5636 -0.0089 0.0172 0.9977 -0.0645
322.0000 44.1737 10.8250 -5.6647 -0.0069 0.0163 0.9978 -0.0644
323.0000 44.1754 10.8287 -5.6024 -0.0080 0.0163 0.9978 -0.0644
324.0000 44.1811 10.6577 -5.6653 -0.0067 0.0165 0.9978 -0.0641
325.0000 44.1971 10.7996 -5.5890 -0.0086 0.0166 0.9977 -0.0647
326.0000 44.1760 10.8004 -5.6603 -0.0067 0.0165 0.9978 -0.0642
327.0000 44.1754 10.8113 -5.5745 -0.0088 0.0164 0.9978 -0.0641
328.0000 44.1862 10.7951 -5.6016 -0.0080 0.0166 0.9978 -0.0639
329.0000 44.1994 10.7821 -5.6391 -0.0070 0.0156 0.9978 -0.0640
330.0000 44.2100 10.7552 -5.5838 -0.0088 0.0165 0.9977 -0.0647
331.0000 44.1728 10.8130 -5.6502 -0.0071 0.0165 0.9978 -0.0643
332.0000 44.1438 10.8264 -5.5649 -0.0088 0.0163 0.9978 -0.0642
333.0000 44.2490 10.7557 -5.6601 -0.0069 0.0161 0.9977 -0.0648
334.0000 44.2177 10.7716 -5.5624 -0.0089 0.0163 0.9977 -0.0648
335.0000 44.2198 10.6643 -5.6571 -0.0068 0.0164 0.9978 -0.0644
336.0000 44.2294 10.7926 -5.5941 -0.0083 0.0163 0.9978 -0.0641
337.0000 44.1843 10.8069 -5.5559 -0.0089 0.0161 0.9978 -0.0640
338.0000 44.2069 10.8209 -5.5743 -0.0087 0.0161 0.9978 -0.0643
339.0000 44.2005 10.7436 -5.6399 -0.0070 0.0159 0.9978 -0.0639
340.0000 44.1902 10.7185 -5.5805 -0.0086 0.0168 0.9978 -0.0637
341.0000 44.1715 10.7907 -5.6563 -0.0067 0.0159 0.9977 -0.0651
342.0000 44.2132 10.7305 -5.6774 -0.0066 0.0167 0.9977 -0.0648
343.0000 44.1880 10.7931 -5.5946 -0.0081 0.0163 0.9978 -0.0644
344.0000 44.1161 10.7588 -5.5674 -0.0089 0.0162 0.9977 -0.0648
345.0000 44.1774 10.7800 -5.5700 -0.0090 0.0161 0.9978 -0.0638
346.0000 44.1864 10.7910 -5.6609 -0.0067 0.0160 0.9978 -0.0642
347.0000 44.1812 10.7673 -5.6395 -0.0070 0.0161 0.9978 -0.0645
348.0000 44.1689 10.8468 -5.5690 -0.0089 0.0161 0.9977 -0.0647
349.0000 44.1696 10.8022 -5.6610 -0.0068 0.0162 0.9978 -0.0640
350.0000 44.1714 10.7916 -5.6610 -0.0070 0.0166 0.9978 -0.0640
351.0000 44.1392 10.8134 -5.6451 -0.0070 0.0162 0.9977 -0.0655
352.0000 44.1585 10.6782 -5.6309 -0.0069 0.0158 0.9979 -0.0632
353.0000 44.1587 10.8348 -5.5805 -0.0087 0.0162 0.9978 -0.0640
354.0000 44.1291 10.7616 -5.6388 -0.0069 0.0158 0.9978 -0.0645
355.0000 44.2285 10.7640 -5.5907 -0.0088 0.0165 0.9977 -0.0647
356.0000 44.1596 10.8364 -5.6465 -0.0069 0.0167 0.9977 -0.0647
357.0000 44.1601 10.8071 -5.5693 -0.0088 0.0161 0.9978 -0.0637
358.0000 44.1860 10.7686 -5.6453 -0.0070 0.0160 0.9978 -0.0635
359.0000 44.1680 10.7562 -5.6325 -0.0072 0.0165 0.9977 -0.0651
360.0000 44.1442 10.7911 -5.5831 -0.0086 0.0165 0.9978 -0.0640
361.0000 44.2257 10.8336 -5.5724 -0.0087 0.0168 0.9977 -0.0650
362.0000 44.1661 10.7120 -5.6269 -0.0073 0.0160 0.9978 -0.0634
363.0000 44.2005 10.8701 -5.5775 -0.0088 0.0165 0.9977 -0.0647
364.0000 44.2318 10.7634 -5.5535 -0.0093 0.0170 0.9977 -0.0651
365.0000 44.1748 10.8245 -5.5598 -0.0089 0.0166 0.9977 -0.0648
366.0000 44.2607 10.7588 -5.5643 -0.0089 0.0168 0.9977 -0.0646
367.0000 44.1990 10.8535 -5.5781 -0.0086 0.0160 0.9978 -0.0642
368.0000 44.1740 10.7723 -5.6531 -0.0069 0.0162 0.9978 -0.0635
369.0000 44.2151 10.8601 -5.5738 -0.0089 0.0166 0.9978 -0.0642
370.0000 44.1972 10.8354 -5.5921 -0.0086 0.0164 0.9978 -0.0641
371.0000 44.1727 10.7987 -5.5902 -0.0086 0.0164 0.9977 -0.0649
372.0000 44.1618 10.8210 -5.5829 -0.0086 0.0167 0.9978 -0.0644
373.0000 44.2313 10.7702 -5.5919 -0.0083 0.0161 0.9977 -0.0647
374.0000 44.1621 10.8545 -5.6552 -0.0068 0.0163 0.9978 -0.0639
375.0000 44.1392 10.8191 -5.6000 -0.0087 0.0162 0.9977 -0.0653
376.0000 44.1275 10.8398 -5.5718 -0.0089 0.0163 0.9978 -0.0642
377.0000 44.1749 10.7459 -5.6136 -0.0081 0.0166 0.9978 -0.0643
378.0000 44.2068 10.7255 -5.6004 -0.0084 0.0155 0.9978 -0.0639
379.0000 44.2031 10.8617 -5.6416 -0.0071 0.0160 0.9978 -0.0643
380.0000 44.2041 10.7298 -5.6322 -0.0072 0.0162 0.9978 -0.0637
381.0000 44.1679 10.7817 -5.6715 -0.0069 0.0157 0.9978 -0.0641
382.0000 44.1753 10.7682 -5.5871 -0.0088 0.0157 0.9978 -0.0641
383.0000 44.1447 10.7612 -5.6393 -0.0072 0.0156 0.9978 -0.0639
384.0000 44.1844 10.8184 -5.6893 -0.0069 0.0163 0.9978 -0.0643
385.0000 44.0919 10.7708 -5.6590 -0.0070 0.0155 0.9978 -0.0634
386.0000 44.1381 10.7615 -5.6529 -0.0070 0.0151 0.9978 -0.0636
387.0000 44.1850 10.8522 -5.6036 -0.0088 0.0153 0.9978 -0.0640
388.0000 44.1701 10.7764 -5.5685 -0.0087 0.0166 0.9977 -0.0646
389.0000 44.1318 10.7586 -5.6907 -0.0065 0.0160 0.9978 -0.0640
390.0000 44.2062 10.8229 -5.5739 -0.0085 0.0166 0.9978 -0.0640
391.0000 44.1993 10.8141 -5.6576 -0.0069 0.0159 0.9978 -0.0641
392.0000 44.2602 10.7537 -5.6364 -0.0071 0.0163 0.9977 -0.0652
393.0000 44.1963 10.8373 -5.6192 -0.0080 0.0165 0.9978 -0.0642
394.0000 44.1912 10.8039 -5.6404 -0.0069 0.0160 0.9978 -0.0646
395.0000 44.2428 10.7651 -5.6416 -0.0071 0.0161 0.9978 -0.0645
396.0000 44.1462 10.8382 -5.6396 -0.0072 0.0164 0.9978 -0.0638
397.0000 44.1815 10.8065 -5.5765 -0.0083 0.0164 0.9977 -0.0647
398.0000 44.2111 10.7717 -5.6529 -0.0068 0.0162 0.9978 -0.0638
399.0000 44.2248 10.7877 -5.6527 -0.0070 0.0161 0.9977 -0.0647
400.0000 44.1631 10.8192 -5.6467 -0.0070 0.0166 0.9978 -0.0642
401.0000 44.1359 10.7553 -5.6301 -0.0065 0.0168 0.9978 -0.0637
402.0000 44.1823 10.7544 -5.5910 -0.0064 0.0170 0.9978 -0.0639
403.0000 44.1900 10.6804 -5.5629 -0.0062 0.0167 0.9978 -0.0637
404.0000 44.0847 10.8537 -5.6198 -0.0046 0.0166 0.9978 -0.0643
405.0000 44.0524 10.7747 -5.6070 -0.0043 0.0171 0.9978 -0.0635
406.0000 43.8796 10.7634 -5.5830 -0.0039 0.0172 0.9978 -0.0639
407.0000 43.8935 10.6349 -5.5614 -0.0039 0.0170 0.9979 -0.0631
408.0000 43.8171 10.7153 -5.5646 -0.0035 0.0173 0.9978 -0.0638
409.0000 43.6428 10.7821 -5.5954 -0.0028 0.0166 0.9979 -0.0633
410.0000 43.4479 10.7067 -5.5901 -0.0028 0.0178 0.9978 -0.0636
411.0000 43.3431 10.7063 -5.6047 -0.0026 0.0175 0.9978 -0.0647
412.0000 43.0402 10.6516 -5.6058 -0.0022 0.0174 0.9978 -0.0641
413.0000 42.9094 10.5869 -5.6147 -0.0021 0.0178 0.9978 -0.0639
414.0000 42.6204 10.5702 -5.6342 -0.0017 0.0182 0.9977 -0.0650
415.0000 42.3213 10.4675 -5.6527 -0.0017 0.0183 0.9977 -0.0645
416.0000 42.0308 10.5020 -5.6731 -0.0011 0.0181 0.9978 -0.0642
417.0000 41.7278 10.4603 -5.6506 -0.0013 0.0179 0.9978 -0.0639
418.0000 41.3824 10.3936 -5.6472 -0.0013 0.0178 0.9977 -0.0651
419.0000 41.0183 10.3298 -5.6469 -0.0013 0.0182 0.9977 -0.0651
420.0000 40.6812 10.3602 -5.6296 -0.0012 0.0180 0.9977 -0.0650
421.0000 40.2570 10.1575 -5.6813 -0.0007 0.0177 0.9978 -0.0646
422.0000 39.8206 10.1691 -5.6525 -0.0028 0.0175 0.9978 -0.0638
423.0000 39.3990 10.0402 -5.6848 -0.0039 0.0179 0.9979 -0.0623
424.0000 38.9645 10.0134 -5.7233 -0.0042 0.0182 0.9978 -0.0635
425.0000 38.6090 10.0020 -5.7049 -0.0054 0.0187 0.9978 -0.0636
426.0000 38.0458 10.0564 -5.7382 -0.0043 0.0190 0.9978 -0.0631
427.0000 37.5573 9.9404 -5.7281 -0.0043 0.0194 0.9978 -0.0627
428.0000 37.0383 9.7675 -5.7723 -0.0029 0.0203 0.9980 -0.0604
429.0000 36.5200 9.8053 -5.7899 -0.0011 0.0195 0.9979 -0.0617
430.0000 36.0470 9.7188 -5.7921 -0.0010 0.0191 0.9979 -0.0619
431.0000 35.2809 9.6121 -5.8473 -0.0005 0.0191 0.9979 -0.0612
432.0000 34.8004 9.6310 -5.8194 -0.0004 0.0190 0.9979 -0.0611
433.0000 34.1176 9.5664 -5.8173 -0.0014 0.0200 0.9980 -0.0607
434.0000 33.5196 9.4228 -5.8198 -0.0029 0.0198 0.9980 -0.0596
435.0000 33.0050 9.4185 -5.8474 -0.0038 0.0189 0.9981 -0.0590
436.0000 32.3009 9.3884 -5.8382 -0.0038 0.0180 0.9981 -0.0581
437.0000 31.7072 9.2854 -5.8539 -0.0041 0.0180 0.9982 -0.0579
438.0000 31.0764 9.1308 -5.8427 -0.0054 0.0179 0.9982 -0.0575
439.0000 30.4548 9.1780 -5.8827 -0.0039 0.0177 0.9981 -0.0591
440.0000 29.9956 9.0877 -5.8772 -0.0053 0.0174 0.9982 -0.0579
441.0000 29.2755 9.0130 -5.9018 -0.0047 0.0179 0.9981 -0.0582
442.0000 28.6888 8.9030 -5.9087 -0.0057 0.0178 0.9981 -0.0581
443.0000 28.0970 8.9102 -5.9008 -0.0052 0.0175 0.9982 -0.0575
444.0000 27.4287 8.7141 -5.9047 -0.0064 0.0188 0.9982 -0.0569
445.0000 26.8703 8.6496 -5.9486 -0.0065 0.0180 0.9982 -0.0577
446.0000 26.2397 8.6243 -5.9830 -0.0055 0.0175 0.9981 -0.0584
447.0000 25.6074 8.5323 -5.9942 -0.0051 0.0163 0.9982 -0.0577
448.0000 25.0428 8.4900 -5.9726 -0.0048 0.0174 0.9982 -0.0579
449.0000 24.3983 8.3859 -5.9782 -0.0029 0.0176 0.9982 -0.0578
450.0000 23.7534 8.3193 -6.0342 -0.0044 0.0174 0.9982 -0.0573
451.0000 22.9766 8.3205 -6.0357 -0.0043 0.0157 0.9982 -0.0573
452.0000 22.4070 8.2898 -6.0614 -0.0054 0.0154 0.9982 -0.0582
453.0000 21.6204 8.0622 -6.0370 -0.0057 0.0157 0.9982 -0.0572
454.0000 20.8560 8.0196 -6.0736 -0.0042 0.0177 0.9982 -0.0573
455.0000 20.2059 7.9690 -6.0738 -0.0024 0.0186 0.9981 -0.0581
456.0000 19.4701 8.0349 -6.0861 -0.0008 0.0178 0.9981 -0.0591
457.0000 18.8043 7.8951 -6.1110 -0.0006 0.0183 0.9982 -0.0579
458.0000 18.0268 7.7648 -6.1203 -0.0019 0.0178 0.9982 -0.0572
459.0000 17.0972 7.7270 -6.1447 -0.0031 0.0182 0.9981 -0.0581
460.0000 16.4890 7.6186 -6.1416 -0.0049 0.0178 0.9982 -0.0577
461.0000 15.7199 7.4611 -6.1673 -0.0057 0.0176 0.9982 -0.0575
462.0000 14.9580 7.4349 -6.1799 -0.0059 0.0172 0.9982 -0.0574
463.0000 14.1146 7.4040 -6.2070 -0.0056 0.0181 0.9981 -0.0579
464.0000 12.4566 7.2561 -6.2570 -0.0034 0.0193 0.9981 -0.0576
465.0000 11.6571 7.0672 -6.2609 -0.0021 0.0207 0.9981 -0.0576
466.0000 10.7077 7.0270 -6.2964 -0.0009 0.0211 0.9982 -0.0570
467.0000 9.8475 6.9552 -6.3255 -0.0017 0.0225 0.9980 -0.0584
468.0000 8.8531 6.7500 -6.3193 -0.0021 0.0232 0.9980 -0.0586
469.0000 7.9838 6.7547 -6.3496 -0.0016 0.0237 0.9981 -0.0571
470.0000 7.0515 6.6594 -6.4044 -0.0020 0.0232 0.9980 -0.0579
471.0000 6.0365 6.5113 -6.4764 -0.0032 0.0234 0.9981 -0.0572
472.0000 5.0107 6.4037 -6.4289 -0.0037 0.0236 0.9980 -0.0579
473.0000 4.1067 6.4034 -6.4285 -0.0015 0.0228 0.9981 -0.0575
474.0000 3.0621 6.2968 -6.4708 0.0015 0.0242 0.9981 -0.0564
475.0000 2.0464 6.0965 -6.5217 0.0018 0.0241 0.9981 -0.0558
476.0000 1.3218 8.1430 -6.6069 -0.0028 0.0240 0.9972 -0.0701
477.0000 0.5370 8.1379 -6.5816 -0.0057 0.0239 0.9965 -0.0795
478.0000 -1.2365 5.8350 -6.5796 -0.0060 0.0235 0.9982 -0.0554
479.0000 -1.6998 8.3129 -6.6260 -0.0061 0.0221 0.9970 -0.0741
480.0000 -3.3814 5.5575 -6.6146 -0.0057 0.0223 0.9982 -0.0556
481.0000 -4.4413 5.4685 -6.6500 -0.0064 0.0210 0.9982 -0.0561
482.0000 -5.1340 8.6152 -6.6332 -0.0062 0.0217 0.9976 -0.0650
483.0000 -6.0462 8.5552 -6.6952 -0.0084 0.0208 0.9973 -0.0700
484.0000 -7.9063 5.1389 -6.7415 -0.0101 0.0194 0.9982 -0.0558
485.0000 -8.7853 7.7966 -6.6976 -0.0083 0.0193 0.9982 -0.0565
486.0000 -9.9256 6.8673 -6.7842 -0.0098 0.0186 0.9971 -0.0733
487.0000 -9.8994 8.1397 -6.8389 -0.0099 0.0171 0.9976 -0.0670
488.0000 -11.3709 7.6557 -6.8623 -0.0101 0.0161 0.9977 -0.0657
489.0000 -13.5007 4.4538 -6.8341 -0.0094 0.0175 0.9982 -0.0558
490.0000 -13.7119 8.0254 -7.0170 -0.0123 0.0165 0.9971 -0.0732
491.0000 -15.4821 6.2492 -7.0283 -0.0117 0.0189 0.9972 -0.0720
