0.0000 0.0000 0.0000 0.0000 0.0000 0.0000 0.0000 1.0000
1.0000 1.1210 -0.0077 -0.0080 0.0001 -0.0008 0.0001 1.0000
2.0000 2.2673 -0.0248 -0.0058 -0.0000 -0.0011 0.0003 1.0000
3.0000 3.4139 -0.0340 0.0068 0.0004 -0.0013 0.0004 1.0000
4.0000 4.5291 -0.0449 -0.0073 0.0004 -0.0014 0.0005 1.0000
5.0000 5.6494 -0.0622 -0.0059 0.0004 -0.0015 0.0006 1.0000
6.0000 6.7684 -0.0754 -0.0046 0.0007 -0.0016 0.0007 1.0000
7.0000 7.8934 -0.0818 0.0021 0.0008 -0.0018 0.0010 1.0000
8.0000 8.9821 -0.0906 -0.0015 0.0010 -0.0019 0.0009 1.0000
9.0000 10.0866 -0.1026 -0.0021 0.0011 -0.0021 0.0009 1.0000
10.0000 11.1949 -0.1039 -0.0131 0.0010 -0.0019 0.0010 1.0000
11.0000 12.2948 -0.1121 -0.0085 0.0012 -0.0019 0.0011 1.0000
12.0000 13.3968 -0.1368 -0.0059 0.0016 -0.0018 0.0013 1.0000
13.0000 14.4532 -0.1326 -0.0077 0.0018 -0.0019 0.0013 1.0000
14.0000 15.5109 -0.1519 -0.0056 0.0020 -0.0022 0.0013 1.0000
15.0000 16.5713 -0.1584 -0.0251 0.0020 -0.0024 0.0012 1.0000
16.0000 17.6359 -0.1639 -0.0464 0.0013 -0.0026 0.0009 1.0000
17.0000 18.7242 -0.1726 -0.0564 0.0007 -0.0025 0.0007 1.0000
18.0000 19.7748 -0.1769 -0.0531 -0.0004 -0.0014 0.0006 1.0000
19.0000 20.8047 -0.1816 -0.0382 -0.0003 -0.0009 0.0002 1.0000
20.0000 21.8208 -0.1853 -0.0516 -0.0006 -0.0011 -0.0001 1.0000
21.0000 22.8684 -0.1976 -0.0438 -0.0005 -0.0015 -0.0004 1.0000
22.0000 23.9044 -0.2186 -0.0513 -0.0004 -0.0020 -0.0006 1.0000
23.0000 24.8980 -0.2239 -0.0509 -0.0006 -0.0023 -0.0008 1.0000
24.0000 25.8939 -0.2513 -0.0523 -0.0006 -0.0023 -0.0011 1.0000
25.0000 26.9335 -0.2681 -0.0425 -0.0003 -0.0018 -0.0009 1.0000
26.0000 27.9394 -0.2598 -0.0475 0.0002 -0.0017 -0.0009 1.0000
27.0000 28.9181 -0.2816 -0.0541 0.0004 -0.0018 -0.0009 1.0000
28.0000 29.9377 -0.2910 -0.0498 0.0013 -0.0024 -0.0010 1.0000
29.0000 30.9035 -0.3216 -0.0583 0.0014 -0.0023 -0.0011 1.0000
30.0000 31.8807 -0.3300 -0.0645 0.0015 -0.0024 -0.0013 1.0000
31.0000 32.8632 -0.3325 -0.0611 0.0017 -0.0025 -0.0014 1.0000
32.0000 33.8132 -0.3541 -0.0719 0.0015 -0.0026 -0.0015 1.0000
33.0000 34.7661 -0.3614 -0.0839 0.0012 -0.0026 -0.0018 1.0000
34.0000 35.7045 -0.3857 -0.0994 0.0007 -0.0026 -0.0023 1.0000
35.0000 36.6584 -0.3895 -0.0994 0.0001 -0.0021 -0.0028 1.0000
36.0000 37.6108 -0.3938 -0.0849 -0.0003 -0.0017 -0.0032 1.0000
37.0000 38.5365 -0.4241 -0.0778 -0.0002 -0.0015 -0.0036 1.0000
38.0000 39.4598 -0.4521 -0.0853 -0.0000 -0.0017 -0.0038 1.0000
39.0000 40.3708 -0.4636 -0.0840 0.0004 -0.0016 -0.0040 1.0000
40.0000 41.2905 -0.4912 -0.0909 0.0009 -0.0011 -0.0040 1.0000
41.0000 42.2072 -0.5002 -0.0972 0.0012 -0.0010 -0.0041 1.0000
42.0000 43.0836 -0.5082 -0.1059 0.0015 -0.0012 -0.0041 1.0000
43.0000 43.9875 -0.5295 -0.1114 0.0013 -0.0014 -0.0042 1.0000
44.0000 44.8386 -0.5344 -0.1131 0.0012 -0.0016 -0.0044 1.0000
45.0000 45.7139 -0.5478 -0.1140 0.0011 -0.0017 -0.0043 1.0000
46.0000 46.5787 -0.5787 -0.1239 0.0010 -0.0019 -0.0045 1.0000
47.0000 47.4206 -0.5884 -0.1268 0.0008 -0.0020 -0.0046 1.0000
48.0000 48.2462 -0.5996 -0.1285 0.0007 -0.0021 -0.0048 1.0000
49.0000 49.0789 -0.6284 -0.1194 0.0007 -0.0019 -0.0048 1.0000
50.0000 49.8962 -0.6408 -0.1137 0.0008 -0.0019 -0.0049 1.0000
51.0000 50.6973 -0.6742 -0.1094 0.0008 -0.0017 -0.0049 1.0000
52.0000 51.4923 -0.6772 -0.1148 0.0008 -0.0017 -0.0049 1.0000
53.0000 52.2723 -0.6838 -0.1130 0.0007 -0.0017 -0.0049 1.0000
54.0000 53.0609 -0.7134 -0.1212 0.0007 -0.0017 -0.0049 1.0000
55.0000 53.8172 -0.7503 -0.1118 0.0008 -0.0018 -0.0048 1.0000
56.0000 54.5747 -0.7771 -0.1154 0.0008 -0.0019 -0.0047 1.0000
57.0000 55.3069 -0.7944 -0.1195 0.0008 -0.0020 -0.0046 1.0000
58.0000 56.0375 -0.8057 -0.1071 0.0009 -0.0021 -0.0043 1.0000
59.0000 56.7795 -0.8234 -0.1135 0.0010 -0.0021 -0.0037 1.0000
60.0000 57.5205 -0.8486 -0.1097 0.0011 -0.0021 -0.0032 1.0000
61.0000 58.2412 -0.8620 -0.1169 0.0011 -0.0022 -0.0028 1.0000
62.0000 58.9310 -0.8630 -0.1195 0.0011 -0.0023 -0.0023 1.0000
63.0000 59.6378 -0.8701 -0.1384 0.0010 -0.0025 -0.0019 1.0000
64.0000 60.3097 -0.9101 -0.1296 0.0010 -0.0025 -0.0014 1.0000
65.0000 61.0021 -0.8974 -0.1396 0.0011 -0.0025 -0.0009 1.0000
66.0000 61.6545 -0.9114 -0.1346 0.0012 -0.0023 -0.0007 1.0000
67.0000 62.3193 -0.9144 -0.1354 0.0012 -0.0023 -0.0003 1.0000
68.0000 62.9551 -0.9154 -0.1432 0.0012 -0.0024 0.0002 1.0000
69.0000 63.5858 -0.9113 -0.1408 0.0012 -0.0025 0.0007 1.0000
70.0000 64.2111 -0.9309 -0.1502 0.0012 -0.0025 0.0010 1.0000
71.0000 64.8125 -0.9265 -0.1509 0.0012 -0.0025 0.0014 1.0000
72.0000 65.4114 -0.9604 -0.1574 0.0013 -0.0026 0.0018 1.0000
73.0000 66.0021 -0.9643 -0.1505 0.0013 -0.0026 0.0024 1.0000
74.0000 66.6040 -0.9406 -0.1507 0.0012 -0.0028 0.0026 1.0000
75.0000 67.1563 -0.9518 -0.1574 0.0012 -0.0029 0.0029 1.0000
76.0000 67.7085 -0.9462 -0.1565 0.0011 -0.0029 0.0033 1.0000
77.0000 68.2548 -0.9648 -0.1546 0.0012 -0.0030 0.0036 1.0000
78.0000 68.7977 -0.9757 -0.1603 0.0012 -0.0031 0.0041 1.0000
79.0000 69.3224 -0.9569 -0.1627 0.0012 -0.0032 0.0046 1.0000
80.0000 69.8543 -0.9488 -0.1708 0.0011 -0.0033 0.0051 1.0000
81.0000 70.3913 -0.9473 -0.1690 0.0010 -0.0034 0.0057 1.0000
82.0000 70.9021 -0.9496 -0.1680 0.0009 -0.0035 0.0058 1.0000
83.0000 71.3930 -0.9359 -0.1727 0.0010 -0.0036 0.0061 1.0000
84.0000 71.8942 -0.9247 -0.1681 0.0008 -0.0036 0.0064 1.0000
85.0000 72.3816 -0.9427 -0.1704 0.0008 -0.0038 0.0066 1.0000
86.0000 72.8540 -0.9345 -0.1679 0.0008 -0.0039 0.0065 1.0000
87.0000 73.3097 -0.9337 -0.1704 0.0007 -0.0040 0.0065 1.0000
88.0000 73.7841 -0.9320 -0.1696 0.0006 -0.0042 0.0065 1.0000
89.0000 74.2395 -0.9318 -0.1650 0.0005 -0.0043 0.0065 1.0000
90.0000 74.6971 -0.9235 -0.1697 0.0005 -0.0045 0.0062 1.0000
91.0000 75.1044 -0.9112 -0.1679 0.0004 -0.0045 0.0061 1.0000
92.0000 75.5143 -0.9057 -0.1618 0.0005 -0.0046 0.0061 1.0000
93.0000 75.9080 -0.8958 -0.1570 0.0004 -0.0048 0.0058 1.0000
94.0000 76.2777 -0.9172 -0.1450 0.0004 -0.0048 0.0056 1.0000
95.0000 76.6521 -0.9085 -0.1388 0.0004 -0.0049 0.0054 1.0000
96.0000 76.9887 -0.9117 -0.1380 0.0005 -0.0050 0.0051 1.0000
97.0000 77.3447 -0.9013 -0.1316 0.0005 -0.0051 0.0046 1.0000
98.0000 77.6367 -0.9272 -0.1344 0.0005 -0.0052 0.0044 1.0000
99.0000 77.9508 -0.9032 -0.1403 0.0004 -0.0060 0.0038 1.0000
100.0000 78.2423 -0.8962 -0.1505 0.0003 -0.0064 0.0037 1.0000
101.0000 78.5022 -0.8963 -0.1462 0.0002 -0.0065 0.0034 1.0000
102.0000 78.7612 -0.9053 -0.1539 0.0001 -0.0066 0.0033 1.0000
103.0000 79.0165 -0.8987 -0.1468 0.0000 -0.0066 0.0032 1.0000
104.0000 79.2678 -0.8912 -0.1524 -0.0001 -0.0068 0.0031 1.0000
105.0000 79.5011 -0.9220 -0.1344 -0.0017 -0.0080 0.0033 1.0000
106.0000 79.7418 -0.9096 -0.1317 -0.0018 -0.0083 0.0035 1.0000
107.0000 79.9879 -0.9186 -0.1332 -0.0017 -0.0081 0.0035 1.0000
108.0000 80.2324 -0.9352 -0.1414 -0.0016 -0.0081 0.0034 1.0000
109.0000 80.4365 -0.9471 -0.1315 -0.0014 -0.0080 0.0033 1.0000
110.0000 80.6400 -0.9233 -0.1259 -0.0014 -0.0080 0.0033 1.0000
111.0000 80.8308 -0.9095 -0.1123 -0.0017 -0.0082 0.0036 1.0000
112.0000 81.0407 -0.9037 -0.0958 -0.0017 -0.0080 0.0037 1.0000
113.0000 81.2516 -0.9272 -0.1000 -0.0017 -0.0081 0.0035 1.0000
114.0000 81.3830 -0.9214 -0.1025 -0.0016 -0.0080 0.0034 1.0000
115.0000 81.5445 -0.9335 -0.1119 -0.0015 -0.0081 0.0037 1.0000
116.0000 81.7006 -0.9284 -0.1032 -0.0015 -0.0080 0.0040 1.0000
117.0000 81.8910 -0.9243 -0.0872 -0.0015 -0.0079 0.0041 1.0000
118.0000 82.0427 -0.9309 -0.0933 -0.0016 -0.0080 0.0041 1.0000
119.0000 82.1984 -0.9210 -0.0791 -0.0016 -0.0079 0.0043 1.0000
120.0000 82.3464 -0.9115 -0.0816 -0.0015 -0.0080 0.0044 1.0000
121.0000 82.4779 -0.9187 -0.0828 -0.0015 -0.0080 0.0046 1.0000
122.0000 82.5902 -0.9440 -0.0930 -0.0016 -0.0081 0.0048 1.0000
123.0000 82.7239 -0.9336 -0.0919 -0.0014 -0.0080 0.0051 1.0000
124.0000 82.8615 -0.9320 -0.1002 -0.0014 -0.0081 0.0051 1.0000
125.0000 82.9783 -0.9583 -0.0957 -0.0014 -0.0081 0.0048 1.0000
126.0000 83.1143 -0.9378 -0.0962 -0.0015 -0.0081 0.0050 1.0000
127.0000 83.2113 -0.9375 -0.0914 -0.0015 -0.0082 0.0050 1.0000
128.0000 83.3403 -0.9229 -0.0997 -0.0015 -0.0082 0.0050 1.0000
129.0000 83.4527 -0.8986 -0.0815 -0.0016 -0.0082 0.0051 1.0000
130.0000 83.5230 -0.9038 -0.0723 -0.0016 -0.0081 0.0053 1.0000
131.0000 83.6014 -0.8974 -0.0788 -0.0016 -0.0082 0.0053 1.0000
132.0000 83.6707 -0.9058 -0.0867 -0.0016 -0.0083 0.0052 1.0000
133.0000 83.7304 -0.9163 -0.0875 -0.0016 -0.0083 0.0052 1.0000
134.0000 83.8038 -0.9103 -0.0833 -0.0016 -0.0083 0.0054 1.0000
135.0000 83.8493 -0.9114 -0.0763 -0.0015 -0.0083 0.0052 1.0000
136.0000 83.9299 -0.9121 -0.0875 -0.0016 -0.0084 0.0052 1.0000
137.0000 83.9944 -0.9139 -0.0829 -0.0016 -0.0083 0.0054 0.9999
138.0000 84.0577 -0.9103 -0.0840 -0.0016 -0.0084 0.0054 0.9999
139.0000 84.1069 -0.9185 -0.0690 -0.0016 -0.0083 0.0051 1.0000
140.0000 84.1378 -0.9110 -0.0697 -0.0015 -0.0083 0.0051 1.0000
141.0000 84.2083 -0.9155 -0.0814 -0.0016 -0.0084 0.0053 0.9999
142.0000 84.2867 -0.9030 -0.0808 -0.0016 -0.0085 0.0052 0.9999
143.0000 84.3199 -0.9152 -0.0860 -0.0016 -0.0084 0.0054 0.9999
144.0000 84.3485 -0.9182 -0.0940 -0.0016 -0.0086 0.0052 0.9999
145.0000 84.3665 -0.9252 -0.0950 -0.0016 -0.0086 0.0052 0.9999
146.0000 84.3951 -0.9190 -0.0931 -0.0016 -0.0086 0.0053 0.9999
147.0000 84.3923 -0.9254 -0.0988 -0.0016 -0.0085 0.0053 0.9999
148.0000 84.4280 -0.9103 -0.0970 -0.0016 -0.0085 0.0054 0.9999
149.0000 84.4408 -0.9135 -0.1022 -0.0016 -0.0086 0.0053 0.9999
150.0000 84.4275 -0.9274 -0.1046 -0.0016 -0.0086 0.0053 0.9999
151.0000 84.4584 -0.9109 -0.1011 -0.0016 -0.0085 0.0054 0.9999
152.0000 84.4512 -0.9228 -0.0946 -0.0016 -0.0085 0.0054 0.9999
153.0000 84.4415 -0.9322 -0.1046 -0.0016 -0.0086 0.0054 0.9999
154.0000 84.4297 -0.9323 -0.1053 -0.0016 -0.0086 0.0054 0.9999
155.0000 84.4386 -0.9284 -0.0986 -0.0016 -0.0086 0.0054 0.9999
156.0000 84.4504 -0.9266 -0.1004 -0.0016 -0.0086 0.0054 0.9999
157.0000 84.4336 -0.9261 -0.1014 -0.0016 -0.0086 0.0054 0.9999
158.0000 84.4422 -0.9318 -0.1009 -0.0016 -0.0086 0.0053 0.9999
159.0000 84.4371 -0.9236 -0.1023 -0.0016 -0.0086 0.0054 0.9999
160.0000 84.4480 -0.9228 -0.1020 -0.0016 -0.0086 0.0054 0.9999
161.0000 84.4334 -0.9267 -0.1015 -0.0016 -0.0086 0.0053 0.9999
162.0000 84.4462 -0.9211 -0.1028 -0.0016 -0.0086 0.0054 0.9999
163.0000 84.4423 -0.9297 -0.0975 -0.0016 -0.0086 0.0054 0.9999
164.0000 84.4411 -0.9240 -0.0968 -0.0016 -0.0086 0.0054 0.9999
165.0000 84.4412 -0.9301 -0.0981 -0.0016 -0.0086 0.0053 0.9999
166.0000 84.4364 -0.9230 -0.0946 -0.0016 -0.0086 0.0053 0.9999
167.0000 84.4365 -0.9229 -0.0993 -0.0016 -0.0086 0.0054 0.9999
168.0000 84.4329 -0.9318 -0.0904 -0.0016 -0.0085 0.0054 0.9999
169.0000 84.4430 -0.9184 -0.0956 -0.0016 -0.0086 0.0054 0.9999
170.0000 84.4309 -0.9338 -0.0974 -0.0016 -0.0086 0.0054 0.9999
171.0000 84.4548 -0.9269 -0.0948 -0.0016 -0.0086 0.0054 0.9999
172.0000 84.4483 -0.9200 -0.0962 -0.0016 -0.0086 0.0053 0.9999
173.0000 84.4382 -0.9275 -0.0944 -0.0016 -0.0086 0.0054 0.9999
174.0000 84.4533 -0.9200 -0.0939 -0.0016 -0.0086 0.0054 0.9999
175.0000 84.4408 -0.9357 -0.1020 -0.0016 -0.0086 0.0053 0.9999
176.0000 84.4426 -0.9284 -0.1017 -0.0016 -0.0086 0.0054 0.9999
177.0000 84.4510 -0.9243 -0.0984 -0.0016 -0.0086 0.0054 0.9999
178.0000 84.4314 -0.9389 -0.0989 -0.0016 -0.0086 0.0054 0.9999
179.0000 84.4494 -0.9232 -0.0941 -0.0016 -0.0085 0.0054 0.9999
180.0000 84.4397 -0.9295 -0.0944 -0.0016 -0.0085 0.0053 0.9999
181.0000 84.4373 -0.9277 -0.0954 -0.0016 -0.0086 0.0054 0.9999
182.0000 84.4506 -0.9223 -0.0943 -0.0016 -0.0086 0.0054 0.9999
183.0000 84.4535 -0.9235 -0.0949 -0.0016 -0.0086 0.0054 0.9999
184.0000 84.4387 -0.9251 -0.0946 -0.0016 -0.0085 0.0053 0.9999
185.0000 84.4507 -0.9179 -0.0951 -0.0016 -0.0086 0.0054 0.9999
186.0000 84.4392 -0.9227 -0.0948 -0.0016 -0.0085 0.0053 0.9999
187.0000 84.4343 -0.9246 -0.0904 -0.0016 -0.0085 0.0053 0.9999
188.0000 84.4464 -0.9282 -0.1004 -0.0016 -0.0086 0.0054 0.9999
189.0000 84.4450 -0.9284 -0.0965 -0.0016 -0.0086 0.0054 0.9999
190.0000 84.4338 -0.9274 -0.0953 -0.0016 -0.0085 0.0053 0.9999
191.0000 84.4462 -0.9271 -0.1054 -0.0016 -0.0086 0.0053 0.9999
192.0000 84.4416 -0.9348 -0.1042 -0.0016 -0.0086 0.0054 0.9999
193.0000 84.4498 -0.9266 -0.1004 -0.0017 -0.0086 0.0054 0.9999
194.0000 84.4542 -0.9292 -0.1019 -0.0016 -0.0086 0.0054 0.9999
195.0000 84.4365 -0.9279 -0.1015 -0.0016 -0.0086 0.0053 0.9999
196.0000 84.4444 -0.9231 -0.0946 -0.0016 -0.0085 0.0054 0.9999
197.0000 84.4461 -0.9324 -0.1041 -0.0016 -0.0086 0.0055 0.9999
198.0000 84.4418 -0.9227 -0.1038 -0.0016 -0.0086 0.0053 0.9999
199.0000 84.4508 -0.9298 -0.1074 -0.0016 -0.0087 0.0053 0.9999
200.0000 84.4441 -0.9296 -0.1026 -0.0016 -0.0086 0.0054 0.9999
201.0000 84.4413 -0.9294 -0.0945 -0.0016 -0.0086 0.0054 0.9999
202.0000 84.4484 -0.9202 -0.0996 -0.0016 -0.0086 0.0054 0.9999
203.0000 84.4405 -0.9270 -0.0990 -0.0016 -0.0086 0.0054 0.9999
204.0000 84.4498 -0.9364 -0.1036 -0.0016 -0.0086 0.0054 0.9999
205.0000 84.4548 -0.9265 -0.0977 -0.0016 -0.0086 0.0054 0.9999
206.0000 84.4593 -0.9252 -0.1032 -0.0016 -0.0086 0.0054 0.9999
207.0000 84.4549 -0.9337 -0.1049 -0.0017 -0.0086 0.0054 0.9999
208.0000 84.4437 -0.9266 -0.1032 -0.0016 -0.0086 0.0054 0.9999
209.0000 84.4555 -0.9208 -0.1020 -0.0016 -0.0086 0.0054 0.9999
210.0000 84.4469 -0.9362 -0.0986 -0.0016 -0.0086 0.0054 0.9999
211.0000 84.4592 -0.9273 -0.0984 -0.0016 -0.0086 0.0054 0.9999
212.0000 84.4578 -0.9330 -0.1055 -0.0017 -0.0087 0.0054 0.9999
213.0000 84.4530 -0.9316 -0.0965 -0.0016 -0.0085 0.0054 0.9999
214.0000 84.4546 -0.9327 -0.0988 -0.0016 -0.0086 0.0054 0.9999
215.0000 84.4470 -0.9287 -0.1035 -0.0016 -0.0086 0.0053 0.9999
216.0000 84.4530 -0.9309 -0.1065 -0.0017 -0.0087 0.0054 0.9999
217.0000 84.4556 -0.9240 -0.1068 -0.0017 -0.0087 0.0054 0.9999
218.0000 84.4504 -0.9270 -0.1057 -0.0016 -0.0086 0.0053 0.9999
219.0000 84.4600 -0.9284 -0.1044 -0.0016 -0.0087 0.0054 0.9999
220.0000 84.4539 -0.9253 -0.0987 -0.0016 -0.0086 0.0054 0.9999
221.0000 84.4571 -0.9257 -0.1086 -0.0016 -0.0087 0.0054 0.9999
222.0000 84.4571 -0.9222 -0.0975 -0.0016 -0.0086 0.0054 0.9999
223.0000 84.4605 -0.9319 -0.1081 -0.0017 -0.0087 0.0054 0.9999
224.0000 84.4577 -0.9342 -0.1017 -0.0016 -0.0086 0.0054 0.9999
225.0000 84.4571 -0.9292 -0.0959 -0.0016 -0.0086 0.0054 0.9999
226.0000 84.4455 -0.9336 -0.1044 -0.0017 -0.0086 0.0054 0.9999
227.0000 84.4527 -0.9253 -0.0976 -0.0016 -0.0086 0.0054 0.9999
228.0000 84.4667 -0.9234 -0.0987 -0.0016 -0.0086 0.0054 0.9999
229.0000 84.4617 -0.9209 -0.0970 -0.0016 -0.0086 0.0054 0.9999
230.0000 84.4541 -0.9289 -0.1023 -0.0017 -0.0086 0.0054 0.9999
231.0000 84.4566 -0.9251 -0.1058 -0.0017 -0.0086 0.0054 0.9999
232.0000 84.4554 -0.9218 -0.0966 -0.0016 -0.0086 0.0054 0.9999
233.0000 84.4503 -0.9256 -0.0992 -0.0016 -0.0086 0.0054 0.9999
234.0000 84.4548 -0.9282 -0.0985 -0.0016 -0.0086 0.0054 0.9999
235.0000 84.4514 -0.9221 -0.1052 -0.0017 -0.0086 0.0053 0.9999
236.0000 84.4492 -0.9353 -0.1054 -0.0017 -0.0086 0.0054 0.9999
237.0000 84.4578 -0.9289 -0.0998 -0.0016 -0.0086 0.0054 0.9999
238.0000 84.4538 -0.9305 -0.1016 -0.0016 -0.0086 0.0054 0.9999
239.0000 84.4548 -0.9281 -0.0980 -0.0016 -0.0086 0.0054 0.9999
240.0000 84.4638 -0.9223 -0.0959 -0.0016 -0.0086 0.0054 0.9999
241.0000 84.4673 -0.9238 -0.0988 -0.0016 -0.0086 0.0054 0.9999
242.0000 84.4533 -0.9310 -0.1036 -0.0016 -0.0086 0.0053 0.9999
243.0000 84.4474 -0.9242 -0.1028 -0.0016 -0.0086 0.0053 0.9999
244.0000 84.4592 -0.9257 -0.0987 -0.0016 -0.0086 0.0054 0.9999
245.0000 84.4617 -0.9296 -0.1006 -0.0016 -0.0086 0.0054 0.9999
246.0000 84.4386 -0.9251 -0.1005 -0.0016 -0.0086 0.0053 0.9999
247.0000 84.4452 -0.9272 -0.0932 -0.0016 -0.0085 0.0054 0.9999
248.0000 84.4539 -0.9253 -0.1003 -0.0016 -0.0086 0.0053 0.9999
249.0000 84.4540 -0.9275 -0.1006 -0.0017 -0.0086 0.0054 0.9999
250.0000 84.4525 -0.9261 -0.1024 -0.0017 -0.0086 0.0054 0.9999
251.0000 84.4581 -0.9231 -0.0978 -0.0016 -0.0086 0.0054 0.9999
252.0000 84.4525 -0.9301 -0.1032 -0.0016 -0.0086 0.0054 0.9999
253.0000 84.4498 -0.9312 -0.1030 -0.0016 -0.0086 0.0054 0.9999
254.0000 84.4543 -0.9255 -0.1042 -0.0017 -0.0086 0.0054 0.9999
255.0000 84.4525 -0.9334 -0.1022 -0.0016 -0.0086 0.0054 0.9999
256.0000 84.4439 -0.9347 -0.1001 -0.0016 -0.0086 0.0054 0.9999
257.0000 84.4513 -0.9288 -0.0955 -0.0016 -0.0086 0.0054 0.9999
258.0000 84.4569 -0.9339 -0.0943 -0.0016 -0.0086 0.0054 0.9999
259.0000 84.4520 -0.9201 -0.0990 -0.0016 -0.0086 0.0053 0.9999
260.0000 84.4624 -0.9245 -0.1075 -0.0016 -0.0087 0.0054 0.9999
261.0000 84.4609 -0.9235 -0.1022 -0.0016 -0.0086 0.0054 0.9999
262.0000 84.4570 -0.9323 -0.0945 -0.0016 -0.0086 0.0054 0.9999
263.0000 84.4532 -0.9261 -0.1029 -0.0016 -0.0086 0.0054 0.9999
264.0000 84.4508 -0.9266 -0.1012 -0.0017 -0.0086 0.0054 0.9999
265.0000 84.4570 -0.9351 -0.1026 -0.0017 -0.0087 0.0054 0.9999
266.0000 84.4373 -0.9316 -0.1086 -0.0016 -0.0086 0.0053 0.9999
267.0000 84.4495 -0.9212 -0.1032 -0.0017 -0.0086 0.0054 0.9999
268.0000 84.4582 -0.9224 -0.0989 -0.0017 -0.0086 0.0054 0.9999
269.0000 84.4431 -0.9220 -0.0987 -0.0016 -0.0086 0.0053 0.9999
270.0000 84.4495 -0.9241 -0.1045 -0.0017 -0.0086 0.0054 0.9999
271.0000 84.4565 -0.9294 -0.1045 -0.0016 -0.0087 0.0054 0.9999
272.0000 84.4510 -0.9314 -0.1032 -0.0016 -0.0086 0.0054 0.9999
273.0000 84.4603 -0.9250 -0.1026 -0.0017 -0.0086 0.0054 0.9999
274.0000 84.4500 -0.9332 -0.0957 -0.0016 -0.0085 0.0054 0.9999
275.0000 84.4624 -0.9272 -0.0974 -0.0017 -0.0086 0.0055 0.9999
276.0000 84.4444 -0.9354 -0.1066 -0.0016 -0.0086 0.0054 0.9999
277.0000 84.4514 -0.9296 -0.1045 -0.0016 -0.0086 0.0053 0.9999
278.0000 84.4373 -0.9325 -0.1078 -0.0016 -0.0087 0.0053 0.9999
279.0000 84.4450 -0.9186 -0.1058 -0.0016 -0.0086 0.0053 0.9999
280.0000 84.4420 -0.9221 -0.1061 -0.0016 -0.0086 0.0053 0.9999
281.0000 84.4614 -0.9264 -0.1002 -0.0017 -0.0086 0.0054 0.9999
282.0000 84.4574 -0.9233 -0.1044 -0.0017 -0.0086 0.0054 0.9999
283.0000 84.4532 -0.9332 -0.1004 -0.0016 -0.0086 0.0054 0.9999
284.0000 84.4620 -0.9287 -0.1047 -0.0017 -0.0087 0.0054 0.9999
285.0000 84.4453 -0.9286 -0.1007 -0.0016 -0.0086 0.0053 0.9999
286.0000 84.4550 -0.9229 -0.0994 -0.0017 -0.0086 0.0053 0.9999
287.0000 84.4636 -0.9279 -0.1004 -0.0017 -0.0086 0.0054 0.9999
288.0000 84.4509 -0.9311 -0.1025 -0.0016 -0.0086 0.0054 0.9999
289.0000 84.4546 -0.9254 -0.0998 -0.0017 -0.0086 0.0054 0.9999
290.0000 84.4444 -0.9304 -0.0967 -0.0017 -0.0085 0.0054 0.9999
291.0000 84.4376 -0.9338 -0.1041 -0.0017 -0.0086 0.0053 0.9999
292.0000 84.4542 -0.9340 -0.1072 -0.0017 -0.0087 0.0054 0.9999
293.0000 84.4516 -0.9282 -0.0971 -0.0016 -0.0086 0.0054 0.9999
294.0000 84.4553 -0.9247 -0.1011 -0.0016 -0.0086 0.0053 0.9999
295.0000 84.4542 -0.9264 -0.1099 -0.0017 -0.0087 0.0054 0.9999
296.0000 84.4491 -0.9250 -0.1055 -0.0016 -0.0086 0.0053 0.9999
297.0000 84.4554 -0.9310 -0.0973 -0.0016 -0.0086 0.0054 0.9999
298.0000 84.4568 -0.9306 -0.1066 -0.0017 -0.0087 0.0054 0.9999
299.0000 84.4504 -0.9280 -0.0990 -0.0017 -0.0086 0.0054 0.9999
300.0000 84.4582 -0.9195 -0.1068 -0.0017 -0.0087 0.0053 0.9999
301.0000 84.4579 -0.9263 -0.1047 -0.0017 -0.0086 0.0054 0.9999
302.0000 84.4524 -0.9306 -0.0991 -0.0016 -0.0086 0.0054 0.9999
303.0000 84.4710 -0.9325 -0.1051 -0.0017 -0.0086 0.0055 0.9999
304.0000 84.4581 -0.9266 -0.1061 -0.0017 -0.0087 0.0054 0.9999
305.0000 84.4473 -0.9317 -0.1034 -0.0017 -0.0086 0.0054 0.9999
306.0000 84.4422 -0.9345 -0.1028 -0.0017 -0.0086 0.0054 0.9999
307.0000 84.4589 -0.9313 -0.1092 -0.0016 -0.0087 0.0054 0.9999
308.0000 84.4460 -0.9322 -0.1064 -0.0017 -0.0087 0.0054 0.9999
309.0000 84.4453 -0.9348 -0.0954 -0.0016 -0.0086 0.0054 0.9999
310.0000 84.4528 -0.9360 -0.1009 -0.0017 -0.0086 0.0054 0.9999
311.0000 84.4555 -0.9329 -0.1063 -0.0017 -0.0087 0.0054 0.9999
312.0000 84.4666 -0.9231 -0.1037 -0.0017 -0.0087 0.0054 0.9999
313.0000 84.4529 -0.9236 -0.1077 -0.0017 -0.0087 0.0053 0.9999
314.0000 84.4500 -0.9334 -0.1065 -0.0017 -0.0086 0.0054 0.9999
315.0000 84.4540 -0.9331 -0.1107 -0.0017 -0.0087 0.0054 0.9999
316.0000 84.4538 -0.9359 -0.1125 -0.0017 -0.0087 0.0053 0.9999
317.0000 84.4505 -0.9282 -0.1013 -0.0016 -0.0086 0.0054 0.9999
318.0000 84.4528 -0.9310 -0.1070 -0.0017 -0.0087 0.0054 0.9999
319.0000 84.4710 -0.9266 -0.1072 -0.0017 -0.0087 0.0054 0.9999
320.0000 84.4638 -0.9287 -0.1069 -0.0016 -0.0087 0.0054 0.9999
321.0000 84.4519 -0.9345 -0.1085 -0.0017 -0.0087 0.0054 0.9999
322.0000 84.4601 -0.9240 -0.1052 -0.0016 -0.0086 0.0054 0.9999
323.0000 84.4554 -0.9298 -0.1091 -0.0017 -0.0086 0.0054 0.9999
324.0000 84.4501 -0.9224 -0.1155 -0.0017 -0.0087 0.0054 0.9999
325.0000 84.4569 -0.9267 -0.1138 -0.0017 -0.0087 0.0054 0.9999
326.0000 84.4572 -0.9312 -0.1114 -0.0017 -0.0087 0.0054 0.9999
327.0000 84.4543 -0.9174 -0.1129 -0.0017 -0.0087 0.0054 0.9999
328.0000 84.4557 -0.9350 -0.1070 -0.0017 -0.0087 0.0054 0.9999
329.0000 84.4654 -0.9284 -0.1091 -0.0017 -0.0087 0.0054 0.9999
330.0000 84.4588 -0.9240 -0.1084 -0.0017 -0.0086 0.0054 0.9999
331.0000 84.4716 -0.9361 -0.1098 -0.0017 -0.0087 0.0055 0.9999
332.0000 84.4432 -0.9318 -0.1175 -0.0017 -0.0087 0.0053 0.9999
333.0000 84.4627 -0.9276 -0.1176 -0.0017 -0.0087 0.0054 0.9999
334.0000 84.4705 -0.9303 -0.1135 -0.0017 -0.0087 0.0054 0.9999
335.0000 84.4732 -0.9240 -0.1081 -0.0017 -0.0087 0.0054 0.9999
336.0000 84.4624 -0.9342 -0.1178 -0.0017 -0.0088 0.0053 0.9999
337.0000 84.4503 -0.9335 -0.1145 -0.0017 -0.0087 0.0054 0.9999
338.0000 84.4593 -0.9295 -0.1113 -0.0017 -0.0087 0.0054 0.9999
339.0000 84.4492 -0.9286 -0.1082 -0.0016 -0.0087 0.0054 0.9999
340.0000 84.4658 -0.9342 -0.1055 -0.0016 -0.0087 0.0054 0.9999
341.0000 84.4727 -0.9178 -0.1114 -0.0017 -0.0087 0.0054 0.9999
342.0000 84.4689 -0.9279 -0.1052 -0.0017 -0.0086 0.0054 0.9999
343.0000 84.4648 -0.9254 -0.1156 -0.0017 -0.0087 0.0054 0.9999
344.0000 84.4600 -0.9224 -0.1152 -0.0017 -0.0087 0.0053 0.9999
345.0000 84.4564 -0.9256 -0.1161 -0.0017 -0.0087 0.0054 0.9999
346.0000 84.4682 -0.9239 -0.1107 -0.0017 -0.0087 0.0054 0.9999
347.0000 84.4598 -0.9295 -0.1129 -0.0017 -0.0087 0.0054 0.9999
348.0000 84.4518 -0.9166 -0.1102 -0.0017 -0.0087 0.0053 0.9999
349.0000 84.4721 -0.9165 -0.1133 -0.0017 -0.0087 0.0054 0.9999
350.0000 84.4580 -0.9375 -0.1070 -0.0017 -0.0087 0.0054 0.9999
351.0000 84.4630 -0.9330 -0.1096 -0.0017 -0.0087 0.0054 0.9999
352.0000 84.4468 -0.9275 -0.1082 -0.0017 -0.0087 0.0053 0.9999
353.0000 84.4533 -0.9349 -0.1112 -0.0017 -0.0087 0.0053 0.9999
354.0000 84.4629 -0.9275 -0.1101 -0.0017 -0.0087 0.0053 0.9999
355.0000 84.4599 -0.9286 -0.1059 -0.0017 -0.0087 0.0054 0.9999
356.0000 84.4631 -0.9214 -0.1077 -0.0017 -0.0087 0.0054 0.9999
357.0000 84.4637 -0.9271 -0.1107 -0.0017 -0.0087 0.0053 0.9999
358.0000 84.4651 -0.9320 -0.1073 -0.0017 -0.0087 0.0054 0.9999
359.0000 84.4587 -0.9294 -0.1116 -0.0017 -0.0087 0.0054 0.9999
360.0000 84.4572 -0.9284 -0.1114 -0.0017 -0.0087 0.0054 0.9999
361.0000 84.4517 -0.9274 -0.1175 -0.0017 -0.0087 0.0054 0.9999
362.0000 84.4703 -0.9322 -0.1126 -0.0017 -0.0087 0.0054 0.9999
363.0000 84.4487 -0.9311 -0.1128 -0.0017 -0.0087 0.0054 0.9999
364.0000 84.4579 -0.9228 -0.1101 -0.0016 -0.0087 0.0053 0.9999
365.0000 84.4600 -0.9285 -0.1129 -0.0017 -0.0087 0.0054 0.9999
366.0000 84.4494 -0.9357 -0.1129 -0.0017 -0.0087 0.0054 0.9999
367.0000 84.4757 -0.9204 -0.1056 -0.0017 -0.0087 0.0054 0.9999
368.0000 84.4578 -0.9259 -0.1180 -0.0017 -0.0088 0.0054 0.9999
369.0000 84.4626 -0.9254 -0.1130 -0.0016 -0.0087 0.0054 0.9999
370.0000 84.4550 -0.9246 -0.1147 -0.0017 -0.0088 0.0053 0.9999
371.0000 84.4721 -0.9245 -0.1185 -0.0017 -0.0088 0.0054 0.9999
372.0000 84.4506 -0.9288 -0.1107 -0.0017 -0.0087 0.0053 0.9999
373.0000 84.4627 -0.9202 -0.1125 -0.0017 -0.0087 0.0054 0.9999
374.0000 84.4655 -0.9297 -0.1074 -0.0017 -0.0087 0.0054 0.9999
375.0000 84.4601 -0.9285 -0.1126 -0.0017 -0.0087 0.0054 0.9999
376.0000 84.4640 -0.9396 -0.1123 -0.0017 -0.0087 0.0054 0.9999
377.0000 84.4612 -0.9286 -0.1065 -0.0017 -0.0086 0.0054 0.9999
378.0000 84.4525 -0.9336 -0.1104 -0.0017 -0.0087 0.0054 0.9999
379.0000 84.4535 -0.9310 -0.1116 -0.0017 -0.0087 0.0055 0.9999
380.0000 84.4487 -0.9328 -0.1114 -0.0017 -0.0087 0.0053 0.9999
381.0000 84.4750 -0.9279 -0.1100 -0.0017 -0.0087 0.0054 0.9999
382.0000 84.4606 -0.9258 -0.1108 -0.0017 -0.0087 0.0054 0.9999
383.0000 84.4621 -0.9224 -0.1168 -0.0017 -0.0088 0.0054 0.9999
384.0000 84.4545 -0.9283 -0.1117 -0.0017 -0.0087 0.0054 0.9999
385.0000 84.4515 -0.9232 -0.1100 -0.0017 -0.0087 0.0054 0.9999
386.0000 84.4471 -0.9338 -0.1106 -0.0017 -0.0087 0.0054 0.9999
387.0000 84.4521 -0.9345 -0.1137 -0.0017 -0.0087 0.0053 0.9999
388.0000 84.4601 -0.9267 -0.1067 -0.0016 -0.0087 0.0053 0.9999
389.0000 84.4631 -0.9247 -0.1137 -0.0017 -0.0087 0.0054 0.9999
390.0000 84.4571 -0.9287 -0.1115 -0.0017 -0.0087 0.0054 0.9999
391.0000 84.4513 -0.9309 -0.1131 -0.0017 -0.0087 0.0053 0.9999
392.0000 84.4602 -0.9223 -0.1175 -0.0017 -0.0088 0.0054 0.9999
393.0000 84.4409 -0.9344 -0.1179 -0.0017 -0.0087 0.0054 0.9999
394.0000 84.4731 -0.9234 -0.1079 -0.0017 -0.0087 0.0054 0.9999
395.0000 84.4558 -0.9233 -0.1136 -0.0017 -0.0087 0.0054 0.9999
396.0000 84.4671 -0.9306 -0.1148 -0.0017 -0.0087 0.0054 0.9999
397.0000 84.4561 -0.9217 -0.1101 -0.0016 -0.0087 0.0053 0.9999
398.0000 84.4577 -0.9276 -0.1118 -0.0017 -0.0087 0.0054 0.9999
399.0000 84.4444 -0.9221 -0.1173 -0.0017 -0.0087 0.0053 0.9999
400.0000 84.4460 -0.9322 -0.1105 -0.0017 -0.0087 0.0054 0.9999
401.0000 84.4420 -0.9316 -0.1037 -0.0017 -0.0087 0.0054 0.9999
402.0000 84.4409 -0.9386 -0.1097 -0.0017 -0.0090 0.0054 0.9999
403.0000 84.4500 -0.9363 -0.1014 -0.0018 -0.0092 0.0054 0.9999
404.0000 84.4774 -0.9255 -0.1004 -0.0018 -0.0092 0.0052 0.9999
405.0000 84.5376 -0.9277 -0.0906 -0.0017 -0.0094 0.0053 0.9999
406.0000 84.5902 -0.9385 -0.0799 -0.0018 -0.0096 0.0052 0.9999
407.0000 84.6793 -0.9325 -0.1334 -0.0020 -0.0111 0.0054 0.9999
408.0000 84.8034 -0.9305 -0.1349 -0.0020 -0.0113 0.0054 0.9999
409.0000 84.9263 -0.9351 -0.1206 -0.0018 -0.0110 0.0053 0.9999
410.0000 85.0907 -0.9300 -0.0964 -0.0016 -0.0111 0.0054 0.9999
411.0000 85.2763 -0.9373 -0.1107 -0.0016 -0.0114 0.0055 0.9999
412.0000 85.4729 -0.9441 -0.1252 -0.0016 -0.0116 0.0056 0.9999
413.0000 85.7004 -0.9396 -0.1239 -0.0016 -0.0117 0.0055 0.9999
414.0000 85.9624 -0.9419 -0.1186 -0.0017 -0.0119 0.0056 0.9999
415.0000 86.2201 -0.9412 -0.1134 -0.0016 -0.0119 0.0057 0.9999
416.0000 86.5232 -0.9505 -0.1175 -0.0017 -0.0120 0.0057 0.9999
417.0000 86.8083 -0.9367 -0.1051 -0.0016 -0.0120 0.0059 0.9999
418.0000 87.1742 -0.9353 -0.0991 -0.0017 -0.0123 0.0061 0.9999
419.0000 87.5234 -0.9340 -0.0932 -0.0017 -0.0124 0.0061 0.9999
420.0000 87.9248 -0.9437 -0.0949 -0.0017 -0.0126 0.0061 0.9999
421.0000 88.3467 -0.9281 -0.0963 -0.0018 -0.0125 0.0058 0.9999
422.0000 88.7969 -0.9338 -0.0955 -0.0017 -0.0125 0.0054 0.9999
423.0000 89.2583 -0.9169 -0.0915 -0.0016 -0.0124 0.0054 0.9999
424.0000 89.7250 -0.9262 -0.0928 -0.0015 -0.0122 0.0052 0.9999
425.0000 90.1829 -0.9287 -0.0942 -0.0014 -0.0123 0.0050 0.9999
426.0000 90.6471 -0.9336 -0.0837 -0.0013 -0.0123 0.0047 0.9999
427.0000 91.1412 -0.9414 -0.0676 -0.0013 -0.0124 0.0044 0.9999
428.0000 91.6552 -0.9375 -0.0922 -0.0013 -0.0128 0.0041 0.9999
429.0000 92.1698 -0.9353 -0.0820 -0.0012 -0.0130 0.0037 0.9999
430.0000 92.7337 -0.9502 -0.0660 -0.0013 -0.0133 0.0035 0.9999
431.0000 93.3173 -0.9477 -0.0688 -0.0013 -0.0136 0.0029 0.9999
432.0000 93.9389 -0.9382 -0.0559 -0.0014 -0.0137 0.0025 0.9999
433.0000 94.5536 -0.9585 -0.0545 -0.0013 -0.0137 0.0019 0.9999
434.0000 95.1944 -0.9669 -0.0499 -0.0011 -0.0136 0.0013 0.9999
435.0000 95.8109 -0.9645 -0.0315 -0.0009 -0.0131 0.0008 0.9999
436.0000 96.4480 -0.9552 -0.0282 -0.0009 -0.0128 0.0005 0.9999
437.0000 97.0928 -0.9591 -0.0098 -0.0011 -0.0130 0.0003 0.9999
438.0000 97.7131 -0.9677 0.0121 -0.0011 -0.0130 0.0001 0.9999
439.0000 98.3271 -0.9644 0.0259 -0.0010 -0.0131 0.0001 0.9999
440.0000 98.9396 -0.9719 0.0273 -0.0012 -0.0133 -0.0001 0.9999
441.0000 99.5626 -0.9834 0.0423 -0.0012 -0.0130 -0.0000 0.9999
442.0000 100.1841 -0.9841 0.0344 -0.0012 -0.0128 -0.0001 0.9999
443.0000 100.8029 -0.9874 0.0547 -0.0013 -0.0128 -0.0000 0.9999
444.0000 101.4042 -1.0198 0.0756 -0.0007 -0.0121 -0.0001 0.9999
445.0000 102.0169 -1.0124 0.0737 -0.0007 -0.0119 0.0001 0.9999
446.0000 102.6261 -1.0193 0.0669 -0.0007 -0.0121 -0.0001 0.9999
447.0000 103.2500 -1.0206 0.0467 -0.0014 -0.0127 -0.0000 0.9999
448.0000 103.8753 -1.0215 0.0836 -0.0014 -0.0131 -0.0000 0.9999
449.0000 104.5259 -1.0498 0.0881 -0.0011 -0.0133 -0.0001 0.9999
450.0000 105.2026 -1.0428 0.0866 -0.0013 -0.0136 -0.0003 0.9999
451.0000 105.8628 -1.0311 0.0874 -0.0015 -0.0138 -0.0005 0.9999
452.0000 106.5830 -1.0319 0.1070 -0.0016 -0.0139 -0.0005 0.9999
453.0000 107.2910 -1.0529 0.1494 -0.0013 -0.0134 -0.0005 0.9999
454.0000 107.9735 -1.0769 0.1668 -0.0011 -0.0134 -0.0004 0.9999
455.0000 108.6710 -1.0898 0.1623 -0.0011 -0.0141 -0.0005 0.9999
456.0000 109.3727 -1.1000 0.1456 -0.0015 -0.0154 -0.0004 0.9999
457.0000 110.1226 -1.0921 0.1687 -0.0015 -0.0160 -0.0004 0.9999
458.0000 110.8717 -1.0936 0.1851 -0.0012 -0.0155 -0.0005 0.9999
459.0000 111.6413 -1.1040 0.2094 -0.0010 -0.0149 -0.0005 0.9999
460.0000 112.4430 -1.1173 0.2470 -0.0008 -0.0148 -0.0005 0.9999
461.0000 113.2403 -1.1297 0.2523 -0.0007 -0.0141 -0.0005 0.9999
462.0000 114.0294 -1.1348 0.2774 -0.0007 -0.0140 -0.0005 0.9999
463.0000 114.8305 -1.1366 0.2845 -0.0006 -0.0137 -0.0006 0.9999
464.0000 116.5060 -1.1838 0.3074 -0.0006 -0.0150 -0.0007 0.9999
465.0000 117.3470 -1.2003 0.3063 -0.0004 -0.0156 -0.0008 0.9999
466.0000 118.2389 -1.2159 0.3159 -0.0002 -0.0161 -0.0007 0.9999
467.0000 119.1437 -1.2417 0.3366 -0.0000 -0.0161 -0.0006 0.9999
468.0000 120.0574 -1.2958 0.3369 0.0005 -0.0160 -0.0006 0.9999
469.0000 120.9781 -1.3289 0.3395 0.0011 -0.0163 -0.0004 0.9999
470.0000 121.9502 -1.3145 0.3510 0.0014 -0.0166 -0.0005 0.9999
471.0000 122.9536 -1.3052 0.3921 0.0021 -0.0162 -0.0005 0.9999
472.0000 123.9387 -1.3124 0.4043 0.0025 -0.0159 -0.0006 0.9999
473.0000 124.9397 -1.3270 0.3889 0.0023 -0.0166 -0.0009 0.9999
474.0000 125.9460 -1.3541 0.3944 0.0025 -0.0194 -0.0013 0.9998
475.0000 126.9694 -1.3542 0.4022 0.0024 -0.0200 -0.0017 0.9998
476.0000 128.0818 -1.3824 0.4387 0.0031 -0.0190 -0.0018 0.9998
477.0000 129.1542 -1.3974 0.4519 0.0031 -0.0157 -0.0019 0.9999
478.0000 130.2500 -1.4055 0.4760 0.0032 -0.0131 -0.0019 0.9999
479.0000 131.3436 -1.4118 0.4819 0.0033 -0.0133 -0.0021 0.9999
480.0000 132.4660 -1.4346 0.4830 0.0031 -0.0135 -0.0023 0.9999
481.0000 133.6008 -1.4322 0.4953 0.0031 -0.0134 -0.0025 0.9999
482.0000 134.7558 -1.4520 0.4921 0.0029 -0.0128 -0.0024 0.9999
483.0000 135.9032 -1.4702 0.5066 0.0009 -0.0096 -0.0024 1.0000
484.0000 137.0340 -1.4793 0.5251 0.0011 -0.0094 -0.0027 1.0000
485.0000 138.1903 -1.4855 0.5367 0.0008 -0.0095 -0.0028 1.0000
486.0000 139.3399 -1.5135 0.5520 0.0007 -0.0094 -0.0030 1.0000
487.0000 140.4499 -1.5151 0.5754 0.0005 -0.0094 -0.0031 1.0000
488.0000 141.5818 -1.5300 0.5767 0.0003 -0.0093 -0.0032 1.0000
489.0000 142.7379 -1.5694 0.5739 0.0002 -0.0095 -0.0032 1.0000
490.0000 143.8540 -1.5836 0.5847 0.0002 -0.0095 -0.0032 1.0000
491.0000 144.9829 -1.6137 0.5930 0.0001 -0.0096 -0.0032 0.9999
