0.0000 130.7036 9.0661 -5.7319 -0.0117 0.0083 0.9985 -0.0521
1.0000 128.5747 8.5495 -5.9871 -0.0036 -0.0092 0.9986 -0.0516
2.0000 126.4456 13.0904 -8.0583 0.0033 0.0039 0.9972 -0.0744
3.0000 125.7168 12.8119 -7.4594 0.0092 -0.0145 0.9973 -0.0711
4.0000 124.7126 12.4960 -5.9583 -0.0031 -0.0067 0.9974 -0.0716
5.0000 124.9957 12.0060 -4.0136 -0.0039 0.0289 0.9973 -0.0678
6.0000 121.2163 15.6688 -4.6318 -0.0135 -0.0269 0.9955 -0.0901
7.0000 121.3731 7.6332 -5.9763 0.0014 0.0214 0.9985 -0.0503
8.0000 119.3639 11.8925 -6.6313 0.0046 0.0103 0.9972 -0.0743
9.0000 118.6818 11.5092 -5.7306 0.0028 0.0079 0.9977 -0.0671
10.0000 117.9929 10.4825 -6.0862 0.0050 0.0001 0.9982 -0.0602
11.0000 117.3408 7.4112 -6.1766 0.0023 0.0241 0.9986 -0.0465
12.0000 116.1757 7.8738 -6.8452 0.0063 0.0176 0.9988 -0.0447
13.0000 112.8785 14.1244 -12.6399 0.0333 0.0009 0.9956 -0.0871
14.0000 113.2335 10.5330 -6.2721 0.0078 -0.0016 0.9983 -0.0571
15.0000 112.5892 9.9560 -5.3158 0.0018 0.0104 0.9985 -0.0528
16.0000 110.8481 12.8372 -5.2919 0.0007 0.0128 0.9972 -0.0733
17.0000 110.1496 10.5191 -7.9563 0.0159 -0.0047 0.9981 -0.0587
18.0000 109.2492 10.3410 -9.4170 0.0218 -0.0033 0.9978 -0.0621
19.0000 108.5011 12.1734 -3.3766 -0.0086 0.0019 0.9975 -0.0707
20.0000 106.9741 12.7660 -10.4826 0.0253 0.0044 0.9967 -0.0768
21.0000 105.5744 13.8743 -10.2296 0.0216 -0.0219 0.9970 -0.0712
22.0000 104.6572 13.6660 -4.7734 -0.0043 -0.0300 0.9973 -0.0666
23.0000 104.6563 10.7332 -2.0180 -0.0203 0.0004 0.9980 -0.0595
24.0000 103.0719 10.5373 -9.8922 0.0273 -0.0015 0.9981 -0.0544
25.0000 102.9613 10.0934 -5.0837 -0.0041 0.0378 0.9980 -0.0513
26.0000 101.0713 10.1969 -5.8363 -0.0007 -0.0184 0.9985 -0.0518
27.0000 100.4606 11.3565 -8.7754 0.0136 -0.0073 0.9979 -0.0632
28.0000 99.5955 13.2647 -5.2844 -0.0075 -0.0391 0.9964 -0.0748
29.0000 98.6630 9.1038 -8.1386 0.0105 0.0110 0.9989 -0.0448
30.0000 97.3818 10.6013 -2.8779 -0.0155 -0.0011 0.9982 -0.0583
31.0000 96.2733 10.0595 -3.3647 -0.0145 0.0048 0.9983 -0.0561
32.0000 95.5528 12.1862 -5.1952 -0.0084 -0.0234 0.9971 -0.0713
33.0000 94.5696 13.3864 -3.8855 -0.0112 0.0061 0.9969 -0.0777
34.0000 92.9460 12.2330 -3.0269 -0.0172 0.0063 0.9979 -0.0621
35.0000 92.0254 11.7778 -3.8120 -0.0111 0.0118 0.9984 -0.0549
36.0000 90.9256 10.5278 -8.1747 0.0138 -0.0005 0.9985 -0.0527
37.0000 90.1394 11.3263 -5.5229 -0.0045 0.0237 0.9984 -0.0508
38.0000 88.8244 11.2939 -8.5459 0.0116 0.0149 0.9983 -0.0554
39.0000 87.7627 11.4906 -9.0632 0.0163 0.0157 0.9976 -0.0654
40.0000 86.8008 11.5378 -8.3392 0.0112 0.0121 0.9976 -0.0675
41.0000 85.9966 11.9044 -7.9631 0.0109 0.0021 0.9974 -0.0717
42.0000 85.3095 12.0651 -7.9471 0.0115 -0.0002 0.9972 -0.0733
43.0000 84.2251 11.5029 -8.7379 0.0190 0.0056 0.9978 -0.0639
44.0000 83.5946 14.8857 -6.2015 -0.0059 0.0028 0.9986 -0.0526
45.0000 82.6931 11.1715 -7.9512 0.0114 0.0107 0.9983 -0.0567
46.0000 82.0238 10.0847 -7.7515 0.0107 0.0156 0.9983 -0.0544
47.0000 80.9450 14.5291 -6.2144 0.0033 0.0135 0.9986 -0.0515
48.0000 80.1526 12.1620 -8.0098 0.0141 -0.0044 0.9974 -0.0700
49.0000 79.4301 14.4709 -6.0997 -0.0072 0.0049 0.9986 -0.0518
50.0000 78.5411 14.5167 -6.3582 -0.0058 0.0023 0.9986 -0.0528
51.0000 78.0639 9.9276 -8.2243 0.0208 0.0030 0.9989 -0.0428
52.0000 76.8878 14.2413 -5.8488 -0.0051 0.0109 0.9985 -0.0526
53.0000 76.2626 14.2559 -6.6717 -0.0046 0.0044 0.9986 -0.0528
54.0000 75.3916 14.1352 -7.0088 0.0010 0.0058 0.9986 -0.0529
55.0000 74.6839 14.0551 -6.1522 -0.0061 0.0072 0.9986 -0.0524
56.0000 73.8216 13.8847 -6.1231 -0.0007 0.0158 0.9985 -0.0518
57.0000 72.7484 13.8877 -7.2537 0.0017 -0.0011 0.9963 -0.0863
58.0000 73.2696 11.5611 -6.1584 0.0039 0.0273 0.9977 -0.0627
59.0000 71.7201 13.7883 -5.3728 -0.0099 0.0179 0.9984 -0.0535
60.0000 70.9675 13.8174 -5.3078 -0.0098 0.0191 0.9983 -0.0548
61.0000 70.1168 13.7364 -6.6641 -0.0019 0.0055 0.9985 -0.0553
62.0000 69.5021 13.5071 -5.4581 -0.0096 0.0154 0.9983 -0.0550
63.0000 68.7634 13.5492 -6.6718 -0.0022 0.0056 0.9984 -0.0562
64.0000 68.0391 13.3286 -7.0115 0.0014 0.0009 0.9985 -0.0553
65.0000 68.6179 11.2496 -7.0099 -0.0052 -0.0019 0.9978 -0.0659
66.0000 66.8208 13.4828 -6.4140 -0.0093 0.0002 0.9982 -0.0588
67.0000 66.1974 13.2637 -6.1682 -0.0063 0.0109 0.9983 -0.0575
68.0000 65.5534 13.1170 -6.1028 -0.0061 0.0120 0.9982 -0.0578
69.0000 64.9637 13.0933 -5.6724 -0.0082 0.0180 0.9981 -0.0582
70.0000 64.4189 13.0781 -5.4410 -0.0111 0.0192 0.9980 -0.0590
71.0000 63.7344 13.0796 -6.2497 -0.0065 0.0106 0.9981 -0.0607
72.0000 63.0515 13.0258 -6.2493 -0.0060 0.0101 0.9981 -0.0610
73.0000 62.5448 13.0327 -6.1928 -0.0062 0.0105 0.9980 -0.0619
74.0000 61.9714 12.7036 -5.6667 -0.0094 0.0169 0.9980 -0.0597
75.0000 61.4016 12.7416 -5.9102 -0.0082 0.0155 0.9980 -0.0612
76.0000 60.8423 12.6545 -5.4705 -0.0100 0.0199 0.9978 -0.0617
77.0000 60.2275 12.6400 -5.5163 -0.0106 0.0168 0.9979 -0.0624
78.0000 59.7523 12.5243 -5.4793 -0.0107 0.0169 0.9979 -0.0623
79.0000 59.1876 12.4706 -5.7147 -0.0097 0.0170 0.9978 -0.0629
80.0000 58.6619 12.4214 -5.9731 -0.0081 0.0165 0.9978 -0.0641
81.0000 58.1600 12.3199 -6.0427 -0.0069 0.0141 0.9978 -0.0643
82.0000 57.6542 12.3238 -5.9350 -0.0081 0.0166 0.9977 -0.0648
83.0000 57.1770 12.2206 -5.6067 -0.0100 0.0167 0.9977 -0.0649
84.0000 56.6775 12.1407 -5.6007 -0.0096 0.0173 0.9977 -0.0647
85.0000 56.2090 12.0755 -5.7191 -0.0092 0.0161 0.9977 -0.0651
86.0000 55.6202 12.0151 -5.9141 -0.0063 0.0117 0.9978 -0.0652
87.0000 55.2009 11.9746 -6.3025 -0.0053 0.0120 0.9978 -0.0653
88.0000 54.8256 11.9408 -6.3081 -0.0049 0.0096 0.9978 -0.0650
89.0000 54.4080 11.9072 -6.2246 -0.0058 0.0105 0.9978 -0.0655
90.0000 53.9736 11.8705 -6.0067 -0.0067 0.0099 0.9978 -0.0654
91.0000 53.4920 11.8572 -5.9747 -0.0068 0.0116 0.9978 -0.0650
92.0000 53.1278 11.6915 -5.5723 -0.0100 0.0161 0.9978 -0.0630
93.0000 52.7566 11.6625 -5.5773 -0.0104 0.0161 0.9978 -0.0634
94.0000 52.3738 11.6191 -5.6158 -0.0075 0.0171 0.9978 -0.0632
95.0000 51.9752 11.5544 -5.6494 -0.0091 0.0169 0.9979 -0.0625
96.0000 51.6376 11.5127 -6.0148 -0.0064 0.0114 0.9980 -0.0618
97.0000 51.3141 11.5585 -5.9148 -0.0094 0.0065 0.9980 -0.0623
98.0000 51.0460 11.4542 -6.5718 -0.0050 0.0027 0.9981 -0.0618
99.0000 50.7167 11.4987 -6.6105 -0.0048 0.0010 0.9981 -0.0618
100.0000 50.4430 11.4211 -6.1238 -0.0053 0.0094 0.9981 -0.0613
101.0000 50.1795 11.4598 -6.4982 -0.0028 0.0022 0.9981 -0.0613
102.0000 49.8659 11.3674 -6.0707 -0.0036 0.0098 0.9981 -0.0607
103.0000 49.6649 11.3150 -5.9056 -0.0063 0.0105 0.9981 -0.0607
104.0000 49.3786 11.3190 -5.8651 -0.0064 0.0103 0.9981 -0.0605
105.0000 49.1001 11.2470 -5.8784 -0.0036 0.0096 0.9981 -0.0606
106.0000 48.8499 11.2066 -5.8616 -0.0035 0.0132 0.9980 -0.0610
107.0000 48.6607 11.1730 -5.7118 -0.0043 0.0162 0.9980 -0.0610
108.0000 48.4303 11.2381 -5.8830 -0.0036 0.0141 0.9980 -0.0620
109.0000 48.1824 11.2210 -6.2308 -0.0025 0.0095 0.9980 -0.0616
110.0000 48.0061 11.1368 -5.6129 -0.0075 0.0125 0.9980 -0.0615
111.0000 47.8408 11.0940 -5.5684 -0.0077 0.0131 0.9980 -0.0618
112.0000 47.5603 11.0310 -6.0205 -0.0042 0.0124 0.9981 -0.0609
113.0000 47.4227 11.0789 -5.5790 -0.0089 0.0142 0.9979 -0.0622
114.0000 47.2925 11.0115 -5.5491 -0.0104 0.0160 0.9979 -0.0621
115.0000 47.1053 10.9551 -5.5580 -0.0089 0.0147 0.9980 -0.0610
116.0000 46.9139 10.9624 -5.7197 -0.0080 0.0136 0.9980 -0.0617
117.0000 46.7626 10.9139 -5.6280 -0.0094 0.0147 0.9979 -0.0617
118.0000 46.6481 10.9724 -5.6305 -0.0090 0.0141 0.9979 -0.0627
119.0000 46.5141 10.9295 -5.7346 -0.0085 0.0143 0.9979 -0.0623
120.0000 46.3120 10.9649 -5.8874 -0.0063 0.0114 0.9980 -0.0625
121.0000 46.1797 10.8637 -5.9789 -0.0056 0.0105 0.9980 -0.0623
122.0000 46.0702 10.9682 -5.8547 -0.0052 0.0096 0.9979 -0.0638
123.0000 45.8762 10.9841 -5.8624 -0.0059 0.0117 0.9979 -0.0637
124.0000 45.7900 10.8378 -5.8758 -0.0060 0.0115 0.9979 -0.0631
125.0000 45.6737 10.8081 -5.8921 -0.0062 0.0120 0.9980 -0.0622
126.0000 45.4782 10.9381 -5.9182 -0.0061 0.0117 0.9978 -0.0642
127.0000 45.3497 10.8999 -5.6719 -0.0090 0.0145 0.9978 -0.0639
128.0000 45.3100 10.9227 -5.6763 -0.0094 0.0147 0.9978 -0.0643
129.0000 45.2091 10.8142 -5.7649 -0.0068 0.0113 0.9979 -0.0639
130.0000 45.0729 10.8014 -5.7182 -0.0086 0.0138 0.9979 -0.0633
131.0000 45.0137 10.8156 -5.7484 -0.0085 0.0140 0.9978 -0.0640
132.0000 44.9314 10.9046 -5.7683 -0.0081 0.0133 0.9978 -0.0641
133.0000 44.8365 10.8302 -5.6907 -0.0084 0.0134 0.9978 -0.0640
134.0000 44.7395 10.7615 -5.6988 -0.0081 0.0138 0.9978 -0.0636
135.0000 44.6795 10.8484 -5.8280 -0.0072 0.0122 0.9978 -0.0646
136.0000 44.6033 10.8058 -5.8599 -0.0065 0.0123 0.9979 -0.0640
137.0000 44.5255 10.8068 -5.8756 -0.0061 0.0115 0.9979 -0.0639
138.0000 44.4839 10.7786 -5.9440 -0.0059 0.0118 0.9979 -0.0639
139.0000 44.4161 10.8052 -5.8854 -0.0061 0.0117 0.9979 -0.0639
140.0000 44.4046 10.8174 -5.9085 -0.0061 0.0116 0.9978 -0.0646
141.0000 44.3592 10.7641 -5.9149 -0.0063 0.0115 0.9979 -0.0637
142.0000 44.3433 10.7608 -5.9009 -0.0062 0.0115 0.9978 -0.0644
143.0000 44.2854 10.7719 -5.8749 -0.0062 0.0119 0.9979 -0.0638
144.0000 44.2828 10.7820 -5.9931 -0.0058 0.0096 0.9979 -0.0639
145.0000 44.2706 10.7965 -6.0066 -0.0062 0.0105 0.9978 -0.0645
146.0000 44.2598 10.7533 -5.8787 -0.0064 0.0116 0.9979 -0.0634
147.0000 44.2278 10.8077 -5.9113 -0.0058 0.0119 0.9979 -0.0640
148.0000 44.2208 10.7492 -5.9041 -0.0062 0.0119 0.9979 -0.0636
149.0000 44.1767 10.7347 -5.9112 -0.0061 0.0113 0.9979 -0.0639
150.0000 44.1951 10.7646 -5.9073 -0.0060 0.0110 0.9979 -0.0637
151.0000 44.1707 10.7841 -5.8635 -0.0065 0.0120 0.9978 -0.0647
152.0000 44.1614 10.7000 -5.8962 -0.0063 0.0121 0.9979 -0.0630
153.0000 44.1859 10.7662 -5.8742 -0.0063 0.0114 0.9979 -0.0637
154.0000 44.1629 10.7800 -5.8867 -0.0066 0.0121 0.9979 -0.0641
155.0000 44.1654 10.7295 -5.8600 -0.0061 0.0120 0.9979 -0.0637
156.0000 44.1867 10.8001 -5.8819 -0.0059 0.0115 0.9979 -0.0639
157.0000 44.1520 10.7521 -5.8589 -0.0060 0.0127 0.9979 -0.0638
158.0000 44.1351 10.7368 -5.8837 -0.0060 0.0122 0.9979 -0.0637
159.0000 44.1739 10.7918 -5.8653 -0.0064 0.0125 0.9978 -0.0645
160.0000 44.1457 10.7755 -5.8507 -0.0060 0.0129 0.9979 -0.0639
161.0000 44.1845 10.7391 -5.8868 -0.0048 0.0117 0.9979 -0.0634
162.0000 44.1426 10.7250 -5.8653 -0.0059 0.0125 0.9979 -0.0637
163.0000 44.1685 10.7596 -5.7555 -0.0070 0.0126 0.9978 -0.0639
164.0000 44.1593 10.7084 -5.8775 -0.0060 0.0127 0.9979 -0.0637
165.0000 44.1927 10.7225 -5.8059 -0.0062 0.0135 0.9979 -0.0636
166.0000 44.1404 10.7840 -5.8580 -0.0059 0.0128 0.9979 -0.0638
167.0000 44.1623 10.7377 -5.7851 -0.0062 0.0138 0.9978 -0.0639
168.0000 44.1536 10.7619 -5.8428 -0.0046 0.0129 0.9979 -0.0638
169.0000 44.1822 10.7227 -5.8018 -0.0064 0.0139 0.9978 -0.0639
170.0000 44.1614 10.7397 -5.8448 -0.0061 0.0127 0.9979 -0.0638
171.0000 44.1767 10.7720 -5.8495 -0.0049 0.0126 0.9979 -0.0640
172.0000 44.1611 10.7594 -5.8723 -0.0058 0.0126 0.9979 -0.0638
173.0000 44.1629 10.7206 -5.8204 -0.0045 0.0127 0.9978 -0.0641
174.0000 44.1659 10.7586 -5.8548 -0.0059 0.0128 0.9978 -0.0640
175.0000 44.1885 10.7583 -5.7871 -0.0065 0.0133 0.9979 -0.0638
176.0000 44.1820 10.7299 -5.7828 -0.0065 0.0134 0.9979 -0.0637
177.0000 44.1538 10.7430 -5.8118 -0.0061 0.0132 0.9978 -0.0640
178.0000 44.1673 10.7260 -5.8516 -0.0043 0.0123 0.9979 -0.0634
179.0000 44.1761 10.7105 -5.8741 -0.0060 0.0123 0.9979 -0.0634
180.0000 44.2092 10.7675 -5.7884 -0.0064 0.0140 0.9978 -0.0640
181.0000 44.1504 10.7514 -5.7878 -0.0064 0.0132 0.9978 -0.0642
182.0000 44.1861 10.7894 -5.8765 -0.0062 0.0120 0.9978 -0.0645
183.0000 44.1715 10.7507 -5.7934 -0.0063 0.0138 0.9978 -0.0641
184.0000 44.1803 10.7698 -5.8247 -0.0045 0.0130 0.9978 -0.0642
185.0000 44.1872 10.7811 -5.8162 -0.0063 0.0138 0.9978 -0.0644
186.0000 44.1696 10.7340 -5.7990 -0.0061 0.0137 0.9978 -0.0639
187.0000 44.1642 10.7763 -5.8754 -0.0062 0.0118 0.9978 -0.0642
188.0000 44.1628 10.7613 -5.7999 -0.0063 0.0136 0.9978 -0.0643
189.0000 44.1519 10.7719 -5.8473 -0.0062 0.0123 0.9978 -0.0642
190.0000 44.1974 10.7224 -5.8110 -0.0064 0.0136 0.9979 -0.0635
191.0000 44.1497 10.7506 -5.8550 -0.0059 0.0129 0.9978 -0.0641
192.0000 44.1754 10.7126 -5.8290 -0.0060 0.0131 0.9979 -0.0635
193.0000 44.1615 10.7552 -5.8692 -0.0041 0.0122 0.9979 -0.0637
194.0000 44.1812 10.7366 -5.8599 -0.0044 0.0121 0.9979 -0.0638
195.0000 44.1770 10.7397 -5.8794 -0.0061 0.0122 0.9979 -0.0638
196.0000 44.1516 10.7433 -5.8072 -0.0063 0.0136 0.9978 -0.0639
197.0000 44.1656 10.7149 -5.8172 -0.0062 0.0135 0.9979 -0.0637
198.0000 44.1566 10.7954 -5.8190 -0.0062 0.0134 0.9979 -0.0638
199.0000 44.1962 10.7287 -5.8188 -0.0062 0.0134 0.9979 -0.0635
200.0000 44.1770 10.7111 -5.8005 -0.0064 0.0132 0.9979 -0.0635
201.0000 44.1815 10.7322 -5.8205 -0.0062 0.0135 0.9978 -0.0639
202.0000 44.1656 10.7424 -5.7671 -0.0064 0.0138 0.9978 -0.0641
203.0000 44.1434 10.7581 -5.8010 -0.0065 0.0137 0.9978 -0.0640
204.0000 44.1464 10.7384 -5.8507 -0.0061 0.0121 0.9979 -0.0639
205.0000 44.1476 10.7292 -5.7894 -0.0063 0.0134 0.9978 -0.0642
206.0000 44.1685 10.7528 -5.8388 -0.0060 0.0130 0.9979 -0.0637
207.0000 44.1542 10.7436 -5.8501 -0.0046 0.0127 0.9979 -0.0636
208.0000 44.1126 10.7140 -5.8755 -0.0045 0.0120 0.9979 -0.0634
209.0000 44.2099 10.7425 -5.8298 -0.0059 0.0130 0.9979 -0.0637
210.0000 44.1618 10.7293 -5.8058 -0.0064 0.0138 0.9979 -0.0638
211.0000 44.1437 10.7413 -5.8246 -0.0047 0.0131 0.9979 -0.0638
212.0000 44.1665 10.7293 -5.8220 -0.0059 0.0129 0.9979 -0.0633
213.0000 44.1713 10.6917 -5.8653 -0.0042 0.0124 0.9979 -0.0637
214.0000 44.1482 10.7605 -5.8675 -0.0062 0.0126 0.9979 -0.0640
215.0000 44.1888 10.7338 -5.7819 -0.0064 0.0133 0.9979 -0.0637
216.0000 44.1527 10.7562 -5.8250 -0.0061 0.0126 0.9979 -0.0634
217.0000 44.1456 10.7436 -5.8426 -0.0060 0.0131 0.9979 -0.0636
218.0000 44.1754 10.7442 -5.8225 -0.0062 0.0137 0.9979 -0.0637
219.0000 44.1564 10.7500 -5.8135 -0.0061 0.0133 0.9978 -0.0640
220.0000 44.1700 10.7458 -5.7736 -0.0066 0.0136 0.9979 -0.0636
221.0000 44.1406 10.7182 -5.8902 -0.0057 0.0127 0.9979 -0.0637
222.0000 44.1755 10.7362 -5.8055 -0.0064 0.0132 0.9979 -0.0638
223.0000 44.1453 10.7787 -5.8611 -0.0060 0.0125 0.9979 -0.0639
224.0000 44.1869 10.7201 -5.8506 -0.0042 0.0123 0.9979 -0.0637
225.0000 44.1660 10.7371 -5.8098 -0.0062 0.0133 0.9979 -0.0637
226.0000 44.1854 10.7530 -5.7755 -0.0064 0.0134 0.9978 -0.0639
227.0000 44.1625 10.7325 -5.8325 -0.0059 0.0128 0.9979 -0.0637
228.0000 44.1536 10.7378 -5.8421 -0.0061 0.0129 0.9979 -0.0637
229.0000 44.1591 10.7604 -5.8150 -0.0062 0.0133 0.9979 -0.0637
230.0000 44.1909 10.7607 -5.7792 -0.0062 0.0129 0.9979 -0.0639
231.0000 44.1781 10.7017 -5.7848 -0.0063 0.0139 0.9978 -0.0639
232.0000 44.1562 10.7410 -5.8968 -0.0059 0.0130 0.9979 -0.0638
233.0000 44.1791 10.7603 -5.7819 -0.0063 0.0132 0.9979 -0.0638
234.0000 44.1700 10.7463 -5.7584 -0.0062 0.0145 0.9978 -0.0640
235.0000 44.1743 10.7328 -5.8452 -0.0060 0.0129 0.9979 -0.0637
236.0000 44.1709 10.7586 -5.8352 -0.0062 0.0135 0.9978 -0.0641
237.0000 44.1633 10.7421 -5.8561 -0.0060 0.0130 0.9979 -0.0639
238.0000 44.1803 10.7431 -5.7836 -0.0064 0.0137 0.9978 -0.0638
239.0000 44.1552 10.7270 -5.8175 -0.0063 0.0134 0.9978 -0.0639
240.0000 44.1622 10.7701 -5.8352 -0.0061 0.0130 0.9979 -0.0639
241.0000 44.1672 10.7484 -5.7963 -0.0063 0.0139 0.9979 -0.0636
242.0000 44.1724 10.7420 -5.8239 -0.0062 0.0135 0.9979 -0.0634
243.0000 44.1797 10.7243 -5.8717 -0.0061 0.0123 0.9979 -0.0637
244.0000 44.1550 10.7202 -5.7910 -0.0064 0.0133 0.9978 -0.0641
245.0000 44.1722 10.7775 -5.9084 -0.0056 0.0126 0.9979 -0.0640
246.0000 44.1663 10.7339 -5.8613 -0.0059 0.0129 0.9979 -0.0635
247.0000 44.1674 10.7667 -5.7549 -0.0063 0.0142 0.9978 -0.0637
248.0000 44.1814 10.7326 -5.7823 -0.0060 0.0143 0.9979 -0.0635
249.0000 44.1451 10.7539 -5.7994 -0.0063 0.0131 0.9979 -0.0636
250.0000 44.1845 10.7301 -5.8029 -0.0063 0.0136 0.9979 -0.0636
251.0000 44.1512 10.7752 -5.7931 -0.0063 0.0129 0.9979 -0.0638
252.0000 44.1633 10.7707 -5.8121 -0.0061 0.0133 0.9979 -0.0636
253.0000 44.1873 10.7503 -5.8133 -0.0063 0.0135 0.9978 -0.0638
254.0000 44.1906 10.7492 -5.8263 -0.0063 0.0133 0.9978 -0.0641
255.0000 44.1626 10.7434 -5.7940 -0.0063 0.0139 0.9978 -0.0641
256.0000 44.1753 10.7431 -5.8282 -0.0062 0.0133 0.9978 -0.0640
257.0000 44.1639 10.7447 -5.8133 -0.0063 0.0134 0.9978 -0.0643
258.0000 44.1610 10.7822 -5.7970 -0.0060 0.0136 0.9979 -0.0637
259.0000 44.1609 10.7411 -5.7967 -0.0061 0.0138 0.9978 -0.0638
260.0000 44.1553 10.7494 -5.8350 -0.0062 0.0124 0.9979 -0.0635
261.0000 44.1588 10.7671 -5.8160 -0.0061 0.0135 0.9978 -0.0640
262.0000 44.1594 10.7233 -5.8121 -0.0063 0.0135 0.9978 -0.0638
263.0000 44.1565 10.7264 -5.8087 -0.0062 0.0137 0.9978 -0.0640
264.0000 44.1717 10.7672 -5.7926 -0.0063 0.0130 0.9979 -0.0638
265.0000 44.1617 10.7440 -5.8005 -0.0062 0.0131 0.9979 -0.0639
266.0000 44.1942 10.7555 -5.7830 -0.0065 0.0138 0.9978 -0.0638
267.0000 44.1567 10.7483 -5.8568 -0.0059 0.0129 0.9978 -0.0642
268.0000 44.1632 10.7703 -5.7912 -0.0065 0.0132 0.9978 -0.0643
269.0000 44.1709 10.7770 -5.8273 -0.0069 0.0126 0.9978 -0.0642
270.0000 44.1771 10.7518 -5.7362 -0.0065 0.0139 0.9978 -0.0643
271.0000 44.1648 10.7409 -5.7809 -0.0062 0.0131 0.9979 -0.0638
272.0000 44.1762 10.7499 -5.8622 -0.0060 0.0130 0.9979 -0.0637
273.0000 44.1949 10.7490 -5.7706 -0.0064 0.0135 0.9978 -0.0639
274.0000 44.1879 10.7077 -5.7191 -0.0069 0.0143 0.9979 -0.0635
275.0000 44.1588 10.7135 -5.7431 -0.0067 0.0144 0.9978 -0.0638
276.0000 44.1640 10.7625 -5.8312 -0.0063 0.0134 0.9978 -0.0641
277.0000 44.1579 10.7699 -5.8036 -0.0063 0.0132 0.9979 -0.0638
278.0000 44.1654 10.7395 -5.7864 -0.0064 0.0133 0.9978 -0.0639
279.0000 44.1894 10.7453 -5.8137 -0.0062 0.0134 0.9979 -0.0636
280.0000 44.1925 10.7504 -5.8257 -0.0062 0.0132 0.9979 -0.0638
281.0000 44.1701 10.7517 -5.8613 -0.0059 0.0130 0.9979 -0.0638
282.0000 44.1781 10.7345 -5.7998 -0.0063 0.0130 0.9979 -0.0639
283.0000 44.1773 10.7006 -5.7667 -0.0064 0.0135 0.9979 -0.0635
284.0000 44.1687 10.7479 -5.8663 -0.0059 0.0126 0.9979 -0.0639
285.0000 44.1813 10.7476 -5.7961 -0.0063 0.0132 0.9979 -0.0637
286.0000 44.1684 10.7644 -5.7987 -0.0061 0.0128 0.9978 -0.0640
287.0000 44.1616 10.7369 -5.8308 -0.0063 0.0134 0.9979 -0.0638
288.0000 44.1781 10.7861 -5.7573 -0.0069 0.0120 0.9978 -0.0641
289.0000 44.1668 10.7470 -5.8128 -0.0063 0.0135 0.9978 -0.0642
290.0000 44.1640 10.7712 -5.8458 -0.0067 0.0127 0.9978 -0.0641
291.0000 44.1962 10.7395 -5.7911 -0.0064 0.0133 0.9979 -0.0636
292.0000 44.1464 10.7624 -5.7920 -0.0065 0.0133 0.9978 -0.0639
293.0000 44.1682 10.7665 -5.8034 -0.0062 0.0129 0.9978 -0.0640
294.0000 44.1898 10.7323 -5.7117 -0.0069 0.0148 0.9978 -0.0637
295.0000 44.1568 10.7350 -5.8012 -0.0063 0.0129 0.9979 -0.0638
296.0000 44.2030 10.7611 -5.7814 -0.0064 0.0135 0.9978 -0.0639
297.0000 44.1804 10.7336 -5.7678 -0.0062 0.0135 0.9979 -0.0636
298.0000 44.1777 10.7190 -5.7596 -0.0066 0.0138 0.9979 -0.0637
299.0000 44.1652 10.7518 -5.8160 -0.0062 0.0134 0.9978 -0.0639
300.0000 44.1746 10.7590 -5.8049 -0.0064 0.0134 0.9978 -0.0642
301.0000 44.1755 10.7340 -5.6759 -0.0069 0.0138 0.9978 -0.0639
302.0000 44.1491 10.7583 -5.7733 -0.0064 0.0135 0.9978 -0.0640
303.0000 44.1504 10.7263 -5.7943 -0.0064 0.0132 0.9979 -0.0637
304.0000 44.1940 10.7332 -5.8230 -0.0062 0.0134 0.9979 -0.0635
305.0000 44.1691 10.7602 -5.7843 -0.0063 0.0131 0.9979 -0.0637
306.0000 44.1681 10.7746 -5.7925 -0.0064 0.0134 0.9978 -0.0642
307.0000 44.1818 10.7481 -5.7949 -0.0063 0.0132 0.9979 -0.0636
308.0000 44.1604 10.7610 -5.7921 -0.0062 0.0132 0.9979 -0.0635
309.0000 44.1621 10.7490 -5.7502 -0.0064 0.0145 0.9978 -0.0640
310.0000 44.1597 10.7521 -5.8049 -0.0063 0.0134 0.9978 -0.0640
311.0000 44.1598 10.7204 -5.7477 -0.0065 0.0138 0.9978 -0.0638
312.0000 44.1945 10.7223 -5.9093 -0.0059 0.0118 0.9979 -0.0635
313.0000 44.1850 10.7440 -5.7674 -0.0066 0.0134 0.9978 -0.0639
314.0000 44.1906 10.7573 -5.7460 -0.0064 0.0137 0.9979 -0.0638
315.0000 44.1836 10.7704 -5.7963 -0.0058 0.0131 0.9979 -0.0635
316.0000 44.1721 10.7371 -5.8148 -0.0061 0.0131 0.9979 -0.0634
317.0000 44.1667 10.7376 -5.8034 -0.0062 0.0132 0.9979 -0.0638
318.0000 44.1702 10.7169 -5.7972 -0.0065 0.0132 0.9979 -0.0636
319.0000 44.1733 10.7405 -5.7659 -0.0063 0.0139 0.9978 -0.0640
320.0000 44.1976 10.7040 -5.8270 -0.0061 0.0135 0.9979 -0.0633
321.0000 44.1857 10.7303 -5.7988 -0.0062 0.0131 0.9979 -0.0633
322.0000 44.1594 10.7418 -5.8109 -0.0062 0.0134 0.9979 -0.0638
323.0000 44.1816 10.7659 -5.7903 -0.0064 0.0131 0.9978 -0.0641
324.0000 44.1441 10.7444 -5.8003 -0.0063 0.0129 0.9978 -0.0641
325.0000 44.1902 10.7495 -5.7709 -0.0065 0.0135 0.9978 -0.0640
326.0000 44.1538 10.7303 -5.7621 -0.0062 0.0143 0.9978 -0.0638
327.0000 44.1703 10.7233 -5.7842 -0.0063 0.0141 0.9978 -0.0637
328.0000 44.1828 10.7248 -5.8316 -0.0064 0.0133 0.9979 -0.0636
329.0000 44.1632 10.7305 -5.7637 -0.0061 0.0143 0.9978 -0.0639
330.0000 44.1671 10.7120 -5.8322 -0.0062 0.0135 0.9979 -0.0637
331.0000 44.1725 10.7480 -5.8087 -0.0063 0.0131 0.9979 -0.0638
332.0000 44.1640 10.7319 -5.8342 -0.0062 0.0135 0.9979 -0.0634
333.0000 44.1957 10.7287 -5.7814 -0.0063 0.0132 0.9978 -0.0642
334.0000 44.1720 10.7433 -5.8193 -0.0060 0.0134 0.9979 -0.0636
335.0000 44.1956 10.6950 -5.7460 -0.0062 0.0146 0.9979 -0.0635
336.0000 44.1728 10.7403 -5.6785 -0.0070 0.0140 0.9978 -0.0639
337.0000 44.1680 10.7705 -5.7963 -0.0064 0.0132 0.9978 -0.0639
338.0000 44.1794 10.7291 -5.8048 -0.0066 0.0129 0.9979 -0.0638
339.0000 44.1936 10.7495 -5.8107 -0.0061 0.0132 0.9979 -0.0638
340.0000 44.1951 10.7094 -5.8161 -0.0062 0.0134 0.9979 -0.0632
341.0000 44.1629 10.7528 -5.8087 -0.0062 0.0130 0.9979 -0.0639
342.0000 44.1623 10.7398 -5.8612 -0.0060 0.0128 0.9979 -0.0639
343.0000 44.1588 10.6772 -5.8124 -0.0063 0.0135 0.9979 -0.0635
344.0000 44.1656 10.7459 -5.8534 -0.0060 0.0127 0.9979 -0.0635
345.0000 44.1926 10.7146 -5.8979 -0.0061 0.0120 0.9979 -0.0637
346.0000 44.1746 10.7274 -5.8134 -0.0063 0.0133 0.9978 -0.0641
347.0000 44.1781 10.7256 -5.7825 -0.0062 0.0128 0.9979 -0.0635
348.0000 44.1574 10.7790 -5.9050 -0.0059 0.0119 0.9978 -0.0645
349.0000 44.1831 10.7337 -5.7614 -0.0065 0.0134 0.9978 -0.0643
350.0000 44.2023 10.7222 -5.8077 -0.0064 0.0130 0.9979 -0.0639
351.0000 44.1670 10.7210 -5.7150 -0.0066 0.0146 0.9978 -0.0638
352.0000 44.1802 10.7229 -5.7695 -0.0061 0.0142 0.9978 -0.0637
353.0000 44.1629 10.7283 -5.7686 -0.0067 0.0136 0.9979 -0.0636
354.0000 44.1499 10.7586 -5.8398 -0.0060 0.0131 0.9979 -0.0635
355.0000 44.1607 10.7386 -5.7827 -0.0064 0.0130 0.9978 -0.0645
356.0000 44.1783 10.7289 -5.7696 -0.0066 0.0138 0.9979 -0.0637
357.0000 44.1792 10.7296 -5.8208 -0.0064 0.0135 0.9978 -0.0642
358.0000 44.1762 10.7510 -5.8134 -0.0062 0.0132 0.9978 -0.0639
359.0000 44.1446 10.7604 -5.7936 -0.0062 0.0137 0.9979 -0.0637
360.0000 44.1639 10.7387 -5.7104 -0.0065 0.0144 0.9978 -0.0637
361.0000 44.2037 10.7188 -5.8030 -0.0064 0.0138 0.9979 -0.0636
362.0000 44.1583 10.7186 -5.8076 -0.0062 0.0130 0.9979 -0.0638
363.0000 44.2049 10.7318 -5.7905 -0.0063 0.0132 0.9979 -0.0634
364.0000 44.1978 10.7066 -5.7549 -0.0064 0.0148 0.9979 -0.0634
365.0000 44.1263 10.7317 -5.8067 -0.0062 0.0131 0.9979 -0.0636
366.0000 44.1601 10.7433 -5.7394 -0.0068 0.0144 0.9978 -0.0636
367.0000 44.1459 10.7227 -5.7874 -0.0063 0.0140 0.9978 -0.0638
368.0000 44.1839 10.7569 -5.8234 -0.0062 0.0135 0.9978 -0.0642
369.0000 44.1743 10.7371 -5.8054 -0.0064 0.0132 0.9979 -0.0638
370.0000 44.2022 10.7197 -5.7544 -0.0065 0.0148 0.9978 -0.0637
371.0000 44.1826 10.7472 -5.8234 -0.0062 0.0133 0.9979 -0.0636
372.0000 44.1791 10.7369 -5.8678 -0.0059 0.0125 0.9979 -0.0635
373.0000 44.1768 10.7254 -5.7008 -0.0069 0.0137 0.9978 -0.0642
374.0000 44.1784 10.6986 -5.7935 -0.0062 0.0144 0.9979 -0.0635
375.0000 44.1728 10.7344 -5.8661 -0.0058 0.0131 0.9979 -0.0635
376.0000 44.1239 10.7317 -5.7334 -0.0065 0.0144 0.9978 -0.0638
377.0000 44.2067 10.7118 -5.7352 -0.0065 0.0158 0.9978 -0.0637
378.0000 44.1927 10.7522 -5.8105 -0.0065 0.0137 0.9978 -0.0642
379.0000 44.1698 10.7528 -5.8045 -0.0062 0.0127 0.9978 -0.0643
380.0000 44.1690 10.7389 -5.7978 -0.0061 0.0139 0.9979 -0.0635
381.0000 44.1998 10.7223 -5.8303 -0.0061 0.0132 0.9979 -0.0634
382.0000 44.1596 10.7450 -5.8243 -0.0061 0.0132 0.9979 -0.0638
383.0000 44.1751 10.7463 -5.7811 -0.0065 0.0134 0.9978 -0.0639
384.0000 44.1873 10.7097 -5.7062 -0.0073 0.0141 0.9978 -0.0638
385.0000 44.1384 10.7159 -5.7345 -0.0063 0.0138 0.9978 -0.0640
386.0000 44.1565 10.7657 -5.8032 -0.0063 0.0130 0.9978 -0.0640
387.0000 44.1895 10.7491 -5.8176 -0.0060 0.0131 0.9979 -0.0635
388.0000 44.1608 10.7437 -5.7722 -0.0060 0.0139 0.9979 -0.0638
389.0000 44.1603 10.7239 -5.8742 -0.0057 0.0127 0.9979 -0.0635
390.0000 44.1549 10.7616 -5.7131 -0.0070 0.0138 0.9978 -0.0639
391.0000 44.1795 10.6933 -5.8503 -0.0059 0.0132 0.9979 -0.0634
392.0000 44.1754 10.7299 -5.7276 -0.0067 0.0143 0.9978 -0.0644
393.0000 44.1837 10.7463 -5.8133 -0.0062 0.0134 0.9979 -0.0635
394.0000 44.1675 10.7355 -5.8256 -0.0062 0.0133 0.9978 -0.0641
395.0000 44.1670 10.7345 -5.8195 -0.0062 0.0135 0.9978 -0.0642
396.0000 44.1838 10.7083 -5.8298 -0.0061 0.0133 0.9979 -0.0634
397.0000 44.2021 10.7589 -5.8960 -0.0061 0.0114 0.9979 -0.0640
398.0000 44.1658 10.7579 -5.7870 -0.0062 0.0140 0.9978 -0.0640
399.0000 44.1695 10.7280 -5.8276 -0.0062 0.0133 0.9979 -0.0637
400.0000 44.1442 10.7325 -5.8794 -0.0061 0.0121 0.9979 -0.0638
401.0000 44.1735 10.7596 -5.7343 -0.0061 0.0149 0.9978 -0.0638
402.0000 44.2149 10.7140 -5.7331 -0.0064 0.0154 0.9978 -0.0638
403.0000 44.1858 10.7547 -5.7420 -0.0059 0.0145 0.9979 -0.0634
404.0000 44.1764 10.7508 -5.7124 -0.0060 0.0143 0.9978 -0.0638
405.0000 44.1135 10.7942 -5.7260 -0.0055 0.0145 0.9978 -0.0638
406.0000 43.9916 10.7508 -5.6430 -0.0062 0.0155 0.9978 -0.0639
407.0000 43.9000 10.7329 -5.6656 -0.0035 0.0140 0.9979 -0.0635
408.0000 43.8108 10.6861 -5.6672 -0.0033 0.0140 0.9979 -0.0629
409.0000 43.6681 10.7080 -5.7094 -0.0036 0.0142 0.9979 -0.0629
410.0000 43.5035 10.6929 -5.6678 -0.0029 0.0148 0.9979 -0.0634
411.0000 43.3939 10.6740 -5.7072 -0.0034 0.0142 0.9979 -0.0638
412.0000 43.1720 10.6510 -5.9707 -0.0031 0.0095 0.9980 -0.0631
413.0000 42.9165 10.6551 -5.6481 -0.0034 0.0143 0.9979 -0.0638
414.0000 42.7223 10.6469 -5.6533 -0.0041 0.0132 0.9979 -0.0640
415.0000 42.4473 10.6117 -5.6555 -0.0040 0.0128 0.9979 -0.0641
416.0000 42.1330 10.5230 -5.8596 -0.0006 0.0137 0.9979 -0.0638
417.0000 41.8842 10.4177 -5.7230 -0.0031 0.0160 0.9978 -0.0635
418.0000 41.5049 10.4090 -5.6758 -0.0032 0.0147 0.9979 -0.0634
419.0000 41.1935 10.3631 -5.6830 -0.0026 0.0159 0.9978 -0.0643
420.0000 40.7309 10.3220 -5.8657 -0.0005 0.0133 0.9979 -0.0640
421.0000 40.4096 10.2674 -5.8407 -0.0032 0.0171 0.9978 -0.0642
422.0000 39.9125 10.2323 -5.8833 -0.0027 0.0161 0.9978 -0.0641
423.0000 39.4901 10.2107 -5.8944 -0.0049 0.0180 0.9977 -0.0646
424.0000 39.0771 10.1475 -5.8662 -0.0060 0.0150 0.9978 -0.0643
425.0000 38.6432 10.0687 -5.8240 -0.0060 0.0163 0.9978 -0.0641
426.0000 38.0987 10.0262 -5.7878 -0.0062 0.0175 0.9978 -0.0632
427.0000 37.6397 9.9816 -5.9736 -0.0054 0.0135 0.9980 -0.0623
428.0000 37.1119 9.9334 -5.7704 -0.0062 0.0170 0.9979 -0.0629
429.0000 36.5918 9.8486 -6.0198 -0.0022 0.0155 0.9979 -0.0621
430.0000 36.0191 9.7985 -6.0874 0.0000 0.0143 0.9980 -0.0613
431.0000 35.4328 9.6639 -6.1567 0.0003 0.0139 0.9980 -0.0612
432.0000 34.8503 9.5645 -6.1473 0.0009 0.0134 0.9981 -0.0600
433.0000 34.1473 9.5280 -6.0576 -0.0005 0.0147 0.9981 -0.0596
434.0000 33.5660 9.4389 -5.9340 -0.0023 0.0162 0.9981 -0.0588
435.0000 33.0152 9.4096 -5.9784 -0.0024 0.0173 0.9981 -0.0585
436.0000 32.4372 9.3565 -5.8413 -0.0053 0.0158 0.9981 -0.0588
437.0000 31.8354 9.2641 -6.0718 -0.0052 0.0148 0.9982 -0.0585
438.0000 31.1301 9.2118 -6.0429 -0.0047 0.0147 0.9982 -0.0579
439.0000 30.4834 9.1348 -6.1043 -0.0025 0.0113 0.9982 -0.0581
440.0000 29.9792 9.0614 -6.0266 -0.0031 0.0122 0.9983 -0.0577
441.0000 29.3764 8.9993 -6.1026 -0.0043 0.0129 0.9982 -0.0581
442.0000 28.7110 8.8962 -6.0713 -0.0051 0.0150 0.9982 -0.0582
443.0000 28.0881 8.8672 -6.1767 -0.0043 0.0121 0.9983 -0.0577
444.0000 27.4236 8.7815 -6.1995 -0.0029 0.0113 0.9982 -0.0583
445.0000 26.8040 8.7416 -6.0487 -0.0056 0.0150 0.9982 -0.0578
446.0000 26.2732 8.7082 -6.1624 -0.0050 0.0136 0.9982 -0.0581
447.0000 25.6822 8.6464 -6.1373 -0.0044 0.0127 0.9982 -0.0586
448.0000 25.0859 8.5376 -6.1326 -0.0027 0.0112 0.9982 -0.0587
449.0000 24.3438 8.4615 -6.1971 -0.0018 0.0123 0.9982 -0.0581
450.0000 23.7351 8.4229 -6.2418 -0.0014 0.0116 0.9983 -0.0575
451.0000 22.9981 8.3676 -6.2439 -0.0012 0.0107 0.9983 -0.0573
452.0000 22.3026 8.2380 -6.1850 -0.0024 0.0120 0.9983 -0.0574
453.0000 21.6779 8.1495 -6.2016 -0.0038 0.0118 0.9983 -0.0575
454.0000 20.9896 8.0803 -6.2127 -0.0041 0.0129 0.9983 -0.0574
455.0000 20.2364 8.0522 -6.2154 -0.0029 0.0150 0.9983 -0.0570
456.0000 19.5178 7.9794 -6.2650 -0.0010 0.0138 0.9983 -0.0572
457.0000 18.7884 7.8876 -6.3248 -0.0011 0.0138 0.9983 -0.0572
458.0000 18.0346 7.8102 -6.2322 -0.0000 0.0130 0.9983 -0.0566
459.0000 17.3505 7.7172 -6.2394 -0.0013 0.0130 0.9982 -0.0579
460.0000 16.5846 7.6224 -6.1608 -0.0042 0.0153 0.9982 -0.0578
461.0000 15.7441 7.5968 -6.1526 -0.0050 0.0144 0.9983 -0.0567
462.0000 14.9822 7.5257 -6.3302 -0.0053 0.0139 0.9983 -0.0563
463.0000 14.0998 7.4280 -6.1857 -0.0033 0.0127 0.9983 -0.0565
464.0000 12.5137 7.2060 -6.4622 -0.0025 0.0150 0.9982 -0.0577
465.0000 11.6166 7.0389 -6.4138 -0.0023 0.0169 0.9982 -0.0574
466.0000 10.6729 7.0361 -6.5430 0.0007 0.0142 0.9983 -0.0568
467.0000 9.8143 6.8956 -6.5498 -0.0016 0.0174 0.9982 -0.0571
468.0000 8.8954 6.8360 -6.4865 -0.0037 0.0207 0.9981 -0.0580
469.0000 7.9797 6.7246 -6.5613 -0.0036 0.0220 0.9981 -0.0579
470.0000 7.0866 6.6269 -6.7062 -0.0046 0.0214 0.9981 -0.0579
471.0000 6.0303 6.5442 -6.6579 -0.0009 0.0179 0.9982 -0.0573
472.0000 5.0721 6.3960 -6.7730 -0.0062 0.0228 0.9981 -0.0575
473.0000 4.0442 6.3537 -6.8396 -0.0037 0.0182 0.9982 -0.0575
474.0000 3.1121 6.2794 -6.8063 -0.0017 0.0227 0.9982 -0.0558
475.0000 2.0656 6.0958 -6.9298 -0.0016 0.0203 0.9982 -0.0568
476.0000 0.9768 6.0151 -6.7928 -0.0009 0.0194 0.9982 -0.0560
477.0000 -0.0557 5.8456 -6.9961 -0.0050 0.0166 0.9982 -0.0570
478.0000 -1.2228 5.8623 -6.9604 -0.0058 0.0171 0.9983 -0.0553
479.0000 -2.2531 5.7858 -6.7349 -0.0024 0.0179 0.9984 -0.0542
480.0000 -3.3324 5.5586 -6.9753 -0.0040 0.0148 0.9983 -0.0553
481.0000 -4.4718 5.5046 -6.9136 -0.0025 0.0126 0.9984 -0.0553
482.0000 -5.6287 5.4241 -6.9426 -0.0047 0.0124 0.9984 -0.0553
483.0000 -6.7371 5.2775 -6.8670 -0.0050 0.0137 0.9984 -0.0555
484.0000 -7.8960 5.1442 -6.7487 -0.0078 0.0179 0.9983 -0.0553
485.0000 -9.0180 4.9932 -6.7330 -0.0085 0.0166 0.9983 -0.0555
486.0000 -10.2006 4.7882 -6.7555 -0.0074 0.0156 0.9983 -0.0559
487.0000 -11.2602 4.7088 -6.8179 -0.0082 0.0164 0.9983 -0.0555
488.0000 -12.4782 4.5977 -6.7296 -0.0079 0.0166 0.9983 -0.0550
489.0000 -13.5266 4.4586 -6.8189 -0.0057 0.0124 0.9984 -0.0557
490.0000 -14.6882 4.3824 -6.7777 -0.0078 0.0158 0.9983 -0.0556
491.0000 -15.7995 4.1998 -6.8392 -0.0088 0.0177 0.9982 -0.0559
