0.0000 129.8715 12.4221 -3.1493 -0.0155 0.0307 0.9972 -0.0663
1.0000 128.4468 10.8573 -2.3596 -0.0195 0.0256 0.9977 -0.0601
2.0000 127.6841 13.4215 -1.7507 -0.0212 0.0211 0.9969 -0.0730
3.0000 126.7382 11.4933 -0.2669 -0.0292 0.0198 0.9974 -0.0630
4.0000 126.0312 7.5440 -1.1175 -0.0253 0.0198 0.9985 -0.0440
5.0000 124.2890 12.3584 -3.3689 -0.0133 0.0219 0.9972 -0.0696
6.0000 122.6311 13.0363 -2.8735 -0.0185 0.0278 0.9969 -0.0710
7.0000 121.8371 9.6707 -2.8612 -0.0170 0.0291 0.9980 -0.0533
8.0000 120.2378 10.2133 -3.3809 -0.0126 0.0215 0.9980 -0.0576
9.0000 119.7104 10.5645 -1.5172 -0.0258 0.0268 0.9976 -0.0577
10.0000 118.3731 11.5621 -2.7317 -0.0190 0.0294 0.9973 -0.0643
11.0000 117.6344 11.2972 -2.3442 -0.0215 0.0286 0.9973 -0.0645
12.0000 117.0862 8.8559 -3.4664 -0.0165 0.0305 0.9980 -0.0522
13.0000 114.4119 14.6091 -3.2596 -0.0179 0.0293 0.9962 -0.0804
14.0000 113.8782 12.6691 -2.4361 -0.0208 0.0277 0.9969 -0.0708
15.0000 113.8199 9.9341 -2.4901 -0.0205 0.0298 0.9979 -0.0537
16.0000 111.4239 10.7647 -3.6392 -0.0128 0.0252 0.9976 -0.0625
17.0000 110.8521 9.4851 -2.8231 -0.0203 0.0240 0.9980 -0.0541
18.0000 110.0596 8.9562 -4.2255 -0.0119 0.0236 0.9983 -0.0522
19.0000 108.6092 11.3712 -3.7344 -0.0165 0.0259 0.9975 -0.0639
20.0000 107.7163 10.4497 -3.0375 -0.0231 0.0351 0.9976 -0.0559
21.0000 106.3732 11.6582 -2.5721 -0.0242 0.0310 0.9970 -0.0668
22.0000 105.8748 11.2486 -2.9407 -0.0185 0.0225 0.9974 -0.0662
23.0000 103.5561 13.6097 -3.2478 -0.0151 0.0176 0.9968 -0.0770
24.0000 103.6299 11.1916 -3.2076 -0.0184 0.0236 0.9976 -0.0627
25.0000 102.4969 13.2910 -3.3228 -0.0191 0.0246 0.9966 -0.0769
26.0000 101.6368 11.6934 -3.4090 -0.0178 0.0233 0.9973 -0.0670
27.0000 99.5410 12.9097 -3.6292 -0.0147 0.0215 0.9970 -0.0724
28.0000 98.4410 9.6037 -3.8025 -0.0126 0.0233 0.9981 -0.0565
29.0000 97.5490 11.6903 -3.9984 -0.0119 0.0232 0.9976 -0.0637
30.0000 97.7172 10.2024 -4.1745 -0.0118 0.0235 0.9977 -0.0620
31.0000 96.3915 12.0208 -4.0359 -0.0135 0.0247 0.9971 -0.0709
32.0000 95.2525 11.6776 -3.8725 -0.0137 0.0222 0.9973 -0.0691
33.0000 93.7870 12.8844 -3.6155 -0.0161 0.0224 0.9967 -0.0759
34.0000 92.6578 12.7819 -4.4266 -0.0111 0.0218 0.9971 -0.0722
35.0000 92.4318 12.2520 -4.3588 -0.0121 0.0211 0.9980 -0.0587
36.0000 91.8709 12.5171 -3.7905 -0.0164 0.0204 0.9968 -0.0760
37.0000 89.8337 11.7997 -4.2645 -0.0130 0.0218 0.9978 -0.0616
38.0000 90.4686 11.0854 -4.1529 -0.0151 0.0254 0.9974 -0.0657
39.0000 88.8341 12.3618 -4.1893 -0.0154 0.0247 0.9970 -0.0713
40.0000 85.8558 12.1768 -4.5301 -0.0126 0.0224 0.9973 -0.0693
41.0000 86.5248 12.2701 -4.3389 -0.0148 0.0246 0.9972 -0.0692
42.0000 85.0880 12.2466 -4.5527 -0.0125 0.0241 0.9969 -0.0734
43.0000 83.5370 14.9216 -4.7246 -0.0103 0.0227 0.9982 -0.0552
44.0000 85.1475 10.8737 -4.5338 -0.0134 0.0264 0.9977 -0.0611
45.0000 83.3401 12.7059 -4.7855 -0.0107 0.0252 0.9981 -0.0561
46.0000 83.2481 11.2563 -4.4285 -0.0140 0.0250 0.9976 -0.0634
47.0000 80.9255 13.7197 -4.5864 -0.0118 0.0227 0.9981 -0.0553
48.0000 81.0548 11.5420 -4.5148 -0.0134 0.0228 0.9973 -0.0690
49.0000 79.2735 13.3180 -4.7134 -0.0122 0.0221 0.9979 -0.0596
50.0000 78.8466 12.6044 -4.5926 -0.0147 0.0248 0.9966 -0.0773
51.0000 78.7336 11.3385 -4.5938 -0.0153 0.0253 0.9972 -0.0682
52.0000 78.0983 10.5641 -4.6247 -0.0149 0.0244 0.9977 -0.0611
53.0000 75.6881 13.6429 -4.9211 -0.0112 0.0216 0.9986 -0.0480
54.0000 74.8434 10.5650 -4.8080 -0.0118 0.0221 0.9978 -0.0616
55.0000 74.0971 12.5776 -4.8815 -0.0107 0.0235 0.9978 -0.0609
56.0000 73.9575 11.4941 -4.8206 -0.0119 0.0247 0.9974 -0.0674
57.0000 73.8973 10.0015 -4.8287 -0.0126 0.0261 0.9980 -0.0570
58.0000 73.3627 9.9534 -5.0743 -0.0099 0.0268 0.9981 -0.0551
59.0000 72.9813 10.6780 -4.7615 -0.0135 0.0254 0.9976 -0.0628
60.0000 71.5423 10.2367 -4.7654 -0.0134 0.0243 0.9978 -0.0606
61.0000 70.4821 9.9517 -4.8736 -0.0123 0.0246 0.9985 -0.0470
62.0000 68.9135 9.9533 -4.9943 -0.0109 0.0240 0.9991 -0.0339
63.0000 67.9447 13.4198 -5.1211 -0.0100 0.0232 0.9985 -0.0495
64.0000 68.7531 11.2745 -5.0396 -0.0117 0.0244 0.9977 -0.0629
65.0000 67.8570 12.1398 -4.9922 -0.0128 0.0238 0.9977 -0.0620
66.0000 66.2475 13.5218 -5.1081 -0.0119 0.0230 0.9981 -0.0556
67.0000 66.4310 10.3649 -5.0833 -0.0124 0.0251 0.9980 -0.0570
68.0000 65.5529 11.4760 -5.1447 -0.0116 0.0241 0.9979 -0.0582
69.0000 64.3385 13.5211 -5.2545 -0.0104 0.0224 0.9979 -0.0591
70.0000 63.6918 14.0011 -5.2658 -0.0100 0.0222 0.9980 -0.0590
71.0000 63.2293 13.1776 -5.2321 -0.0108 0.0222 0.9979 -0.0595
72.0000 62.7817 12.6257 -5.2751 -0.0109 0.0225 0.9978 -0.0614
73.0000 62.2887 12.5857 -5.2727 -0.0109 0.0226 0.9978 -0.0620
74.0000 61.6155 12.6511 -5.2164 -0.0113 0.0226 0.9979 -0.0604
75.0000 60.9972 12.6082 -5.2428 -0.0107 0.0226 0.9979 -0.0594
76.0000 60.3585 12.5643 -5.2713 -0.0104 0.0226 0.9978 -0.0608
77.0000 59.8044 12.7090 -5.3078 -0.0104 0.0226 0.9977 -0.0635
78.0000 59.3208 12.4338 -5.3437 -0.0101 0.0234 0.9976 -0.0637
79.0000 58.7698 12.1737 -5.4058 -0.0096 0.0236 0.9977 -0.0625
80.0000 58.3041 12.2869 -5.4400 -0.0095 0.0232 0.9977 -0.0633
81.0000 57.9309 12.3731 -5.3718 -0.0103 0.0221 0.9976 -0.0641
82.0000 57.4224 12.2853 -5.3566 -0.0104 0.0217 0.9976 -0.0649
83.0000 56.8919 12.1585 -5.3886 -0.0104 0.0218 0.9976 -0.0642
84.0000 56.2876 12.0143 -5.4191 -0.0100 0.0221 0.9976 -0.0642
85.0000 55.7702 11.9546 -5.4147 -0.0104 0.0212 0.9976 -0.0646
86.0000 55.3241 11.9629 -5.3931 -0.0115 0.0200 0.9976 -0.0650
87.0000 54.9283 11.9401 -5.3507 -0.0118 0.0191 0.9976 -0.0656
88.0000 54.4948 11.8756 -5.4119 -0.0100 0.0194 0.9976 -0.0653
89.0000 53.9949 11.8261 -5.4814 -0.0089 0.0192 0.9977 -0.0642
90.0000 53.5602 11.8268 -5.4299 -0.0116 0.0189 0.9977 -0.0639
91.0000 53.2697 11.8365 -5.4077 -0.0125 0.0188 0.9977 -0.0631
92.0000 52.9212 11.7167 -5.4653 -0.0106 0.0185 0.9978 -0.0631
93.0000 52.5659 11.6516 -5.4687 -0.0091 0.0189 0.9978 -0.0626
94.0000 52.1189 11.5481 -5.5222 -0.0084 0.0196 0.9978 -0.0623
95.0000 51.7021 11.4288 -5.5272 -0.0096 0.0189 0.9978 -0.0624
96.0000 51.3279 11.4371 -5.5400 -0.0095 0.0175 0.9978 -0.0625
97.0000 51.0332 11.4273 -5.5391 -0.0090 0.0176 0.9979 -0.0615
98.0000 50.8086 11.4574 -5.5536 -0.0086 0.0184 0.9980 -0.0607
99.0000 50.5177 11.4187 -5.5513 -0.0070 0.0186 0.9980 -0.0607
100.0000 50.2349 11.4364 -5.5412 -0.0057 0.0178 0.9979 -0.0614
101.0000 49.9227 11.4602 -5.5108 -0.0064 0.0172 0.9979 -0.0618
102.0000 49.7243 11.3260 -5.5139 -0.0074 0.0173 0.9980 -0.0610
103.0000 49.4072 11.2593 -5.5441 -0.0072 0.0172 0.9980 -0.0602
104.0000 49.1318 11.2766 -5.5677 -0.0066 0.0168 0.9980 -0.0602
105.0000 48.9713 11.2765 -5.5578 -0.0063 0.0158 0.9980 -0.0610
106.0000 48.7008 11.2706 -5.6110 -0.0039 0.0168 0.9979 -0.0631
107.0000 48.4417 11.2397 -5.5949 -0.0037 0.0179 0.9979 -0.0629
108.0000 48.2392 11.2021 -5.5424 -0.0063 0.0184 0.9979 -0.0616
109.0000 48.0485 11.1761 -5.5673 -0.0077 0.0181 0.9979 -0.0614
110.0000 47.8562 11.1336 -5.6225 -0.0069 0.0172 0.9979 -0.0615
111.0000 47.6128 11.1031 -5.5798 -0.0063 0.0153 0.9980 -0.0618
112.0000 47.4470 11.0907 -5.5337 -0.0070 0.0146 0.9979 -0.0622
113.0000 47.2853 11.0019 -5.5329 -0.0081 0.0161 0.9979 -0.0614
114.0000 47.1735 11.0353 -5.5260 -0.0092 0.0173 0.9979 -0.0616
115.0000 46.9623 11.0193 -5.5512 -0.0089 0.0174 0.9979 -0.0617
116.0000 46.7559 11.0173 -5.5210 -0.0096 0.0166 0.9979 -0.0620
117.0000 46.6411 10.9758 -5.5200 -0.0097 0.0163 0.9979 -0.0618
118.0000 46.5619 10.9384 -5.5316 -0.0095 0.0170 0.9979 -0.0616
119.0000 46.3916 10.9374 -5.5780 -0.0092 0.0173 0.9979 -0.0623
120.0000 46.2016 10.9733 -5.5908 -0.0099 0.0164 0.9979 -0.0625
121.0000 46.0637 10.9576 -5.5432 -0.0108 0.0159 0.9979 -0.0619
122.0000 46.0115 10.8851 -5.5066 -0.0108 0.0162 0.9979 -0.0624
123.0000 45.9137 10.8709 -5.5165 -0.0101 0.0180 0.9978 -0.0631
124.0000 45.7035 10.8889 -5.5314 -0.0101 0.0189 0.9977 -0.0637
125.0000 45.5339 10.8563 -5.5497 -0.0097 0.0177 0.9978 -0.0632
126.0000 45.4101 10.8879 -5.5932 -0.0088 0.0152 0.9979 -0.0631
127.0000 45.3592 10.8866 -5.6313 -0.0087 0.0147 0.9978 -0.0636
128.0000 45.3366 10.8718 -5.6026 -0.0097 0.0154 0.9978 -0.0634
129.0000 45.2122 10.8612 -5.5821 -0.0097 0.0156 0.9978 -0.0640
130.0000 45.0557 10.8348 -5.6009 -0.0089 0.0153 0.9978 -0.0641
131.0000 45.0033 10.8517 -5.6007 -0.0090 0.0152 0.9978 -0.0646
132.0000 44.9380 10.8411 -5.5947 -0.0089 0.0152 0.9977 -0.0647
133.0000 44.8448 10.7919 -5.5674 -0.0092 0.0151 0.9978 -0.0643
134.0000 44.7935 10.8072 -5.5776 -0.0091 0.0153 0.9978 -0.0645
135.0000 44.7339 10.8064 -5.6057 -0.0091 0.0153 0.9978 -0.0645
136.0000 44.5493 10.8062 -5.6231 -0.0088 0.0153 0.9978 -0.0642
137.0000 44.4684 10.8303 -5.6081 -0.0086 0.0157 0.9978 -0.0646
138.0000 44.4211 10.7809 -5.6590 -0.0071 0.0164 0.9977 -0.0647
139.0000 44.3951 10.8056 -5.6854 -0.0067 0.0160 0.9978 -0.0646
140.0000 44.3809 10.8190 -5.6699 -0.0073 0.0157 0.9978 -0.0646
141.0000 44.3399 10.8066 -5.6110 -0.0087 0.0155 0.9977 -0.0647
142.0000 44.2903 10.7706 -5.5900 -0.0092 0.0159 0.9978 -0.0645
143.0000 44.3121 10.7843 -5.6076 -0.0086 0.0159 0.9978 -0.0642
144.0000 44.2811 10.8230 -5.6597 -0.0068 0.0150 0.9978 -0.0637
145.0000 44.2564 10.8218 -5.6531 -0.0073 0.0149 0.9978 -0.0644
146.0000 44.2339 10.7730 -5.6222 -0.0086 0.0156 0.9978 -0.0636
147.0000 44.1960 10.7722 -5.6517 -0.0077 0.0155 0.9978 -0.0637
148.0000 44.2172 10.7594 -5.6789 -0.0069 0.0155 0.9978 -0.0639
149.0000 44.2202 10.8261 -5.6575 -0.0071 0.0156 0.9978 -0.0647
150.0000 44.1687 10.8642 -5.6174 -0.0083 0.0155 0.9978 -0.0646
151.0000 44.1661 10.8955 -5.6225 -0.0088 0.0154 0.9977 -0.0653
152.0000 44.1531 10.8377 -5.6550 -0.0082 0.0154 0.9978 -0.0641
153.0000 44.1392 10.7502 -5.6542 -0.0072 0.0148 0.9979 -0.0631
154.0000 44.1821 10.7199 -5.6588 -0.0066 0.0151 0.9979 -0.0634
155.0000 44.1873 10.7703 -5.6545 -0.0069 0.0154 0.9978 -0.0636
156.0000 44.1621 10.8290 -5.6648 -0.0070 0.0157 0.9978 -0.0641
157.0000 44.1743 10.8504 -5.6592 -0.0071 0.0157 0.9978 -0.0647
158.0000 44.1999 10.8393 -5.5769 -0.0088 0.0156 0.9977 -0.0648
159.0000 44.1889 10.7957 -5.5918 -0.0079 0.0151 0.9978 -0.0643
160.0000 44.1952 10.7895 -5.6386 -0.0069 0.0151 0.9978 -0.0635
161.0000 44.1807 10.7956 -5.6600 -0.0067 0.0148 0.9979 -0.0634
162.0000 44.1697 10.8305 -5.6449 -0.0073 0.0149 0.9978 -0.0641
163.0000 44.1580 10.8112 -5.6479 -0.0073 0.0152 0.9978 -0.0643
164.0000 44.1577 10.8122 -5.6499 -0.0071 0.0152 0.9978 -0.0643
165.0000 44.2113 10.8340 -5.6059 -0.0083 0.0154 0.9978 -0.0646
166.0000 44.2271 10.8410 -5.6328 -0.0078 0.0158 0.9978 -0.0646
167.0000 44.1863 10.8323 -5.6638 -0.0069 0.0153 0.9978 -0.0644
168.0000 44.2100 10.8044 -5.6526 -0.0068 0.0148 0.9978 -0.0637
169.0000 44.1827 10.7826 -5.6745 -0.0069 0.0154 0.9978 -0.0640
170.0000 44.1678 10.8223 -5.6704 -0.0071 0.0154 0.9978 -0.0642
171.0000 44.2181 10.8575 -5.6517 -0.0071 0.0156 0.9978 -0.0643
172.0000 44.2092 10.8326 -5.6478 -0.0071 0.0155 0.9978 -0.0639
173.0000 44.1783 10.7996 -5.6356 -0.0074 0.0154 0.9978 -0.0641
174.0000 44.1546 10.8032 -5.6454 -0.0071 0.0154 0.9978 -0.0639
175.0000 44.1547 10.8256 -5.5995 -0.0083 0.0155 0.9978 -0.0641
176.0000 44.1609 10.8214 -5.5791 -0.0090 0.0156 0.9978 -0.0642
177.0000 44.2042 10.8234 -5.5743 -0.0088 0.0158 0.9978 -0.0644
178.0000 44.2063 10.8288 -5.6293 -0.0072 0.0157 0.9978 -0.0642
179.0000 44.1836 10.7844 -5.6785 -0.0062 0.0156 0.9979 -0.0633
180.0000 44.1564 10.7541 -5.6723 -0.0068 0.0154 0.9979 -0.0630
181.0000 44.1763 10.8072 -5.6450 -0.0073 0.0153 0.9978 -0.0639
182.0000 44.1971 10.8219 -5.6436 -0.0072 0.0156 0.9978 -0.0641
183.0000 44.1854 10.8031 -5.6671 -0.0067 0.0161 0.9978 -0.0638
184.0000 44.1283 10.8413 -5.6544 -0.0068 0.0158 0.9978 -0.0639
185.0000 44.1205 10.7900 -5.6594 -0.0068 0.0156 0.9978 -0.0643
186.0000 44.1515 10.8232 -5.5913 -0.0085 0.0155 0.9977 -0.0647
187.0000 44.2303 10.8097 -5.5950 -0.0079 0.0155 0.9978 -0.0644
188.0000 44.2282 10.7809 -5.6632 -0.0065 0.0158 0.9978 -0.0635
189.0000 44.2019 10.7807 -5.6846 -0.0066 0.0155 0.9979 -0.0632
190.0000 44.1835 10.8117 -5.6000 -0.0085 0.0157 0.9978 -0.0640
191.0000 44.1754 10.8116 -5.6033 -0.0081 0.0158 0.9978 -0.0641
192.0000 44.1445 10.8214 -5.6515 -0.0068 0.0157 0.9978 -0.0640
193.0000 44.1494 10.7940 -5.6707 -0.0064 0.0154 0.9978 -0.0637
194.0000 44.1668 10.7989 -5.6551 -0.0070 0.0155 0.9978 -0.0637
195.0000 44.1869 10.8325 -5.5744 -0.0089 0.0159 0.9978 -0.0642
196.0000 44.1777 10.8047 -5.6133 -0.0078 0.0162 0.9978 -0.0646
197.0000 44.1609 10.7879 -5.6687 -0.0066 0.0157 0.9978 -0.0640
198.0000 44.1752 10.8171 -5.6541 -0.0067 0.0148 0.9978 -0.0636
199.0000 44.1866 10.8254 -5.6149 -0.0074 0.0149 0.9978 -0.0639
200.0000 44.1969 10.8302 -5.6379 -0.0072 0.0162 0.9978 -0.0645
201.0000 44.1692 10.7650 -5.6278 -0.0079 0.0164 0.9978 -0.0638
202.0000 44.1529 10.7622 -5.6476 -0.0074 0.0158 0.9978 -0.0636
203.0000 44.1687 10.7940 -5.6563 -0.0067 0.0154 0.9978 -0.0637
204.0000 44.1710 10.7980 -5.6638 -0.0066 0.0153 0.9978 -0.0638
205.0000 44.1721 10.7872 -5.6656 -0.0067 0.0158 0.9978 -0.0637
206.0000 44.1581 10.7576 -5.6515 -0.0069 0.0158 0.9978 -0.0636
207.0000 44.1444 10.7704 -5.5975 -0.0084 0.0160 0.9978 -0.0637
208.0000 44.1497 10.8254 -5.6456 -0.0074 0.0155 0.9978 -0.0643
209.0000 44.1519 10.7495 -5.6776 -0.0065 0.0153 0.9978 -0.0637
210.0000 44.1753 10.7569 -5.6644 -0.0067 0.0153 0.9978 -0.0635
211.0000 44.1728 10.7716 -5.6537 -0.0068 0.0158 0.9978 -0.0636
212.0000 44.1420 10.7970 -5.5962 -0.0085 0.0161 0.9978 -0.0641
213.0000 44.1242 10.7723 -5.6389 -0.0075 0.0161 0.9978 -0.0641
214.0000 44.1235 10.7615 -5.6938 -0.0063 0.0155 0.9978 -0.0637
215.0000 44.1682 10.7678 -5.6576 -0.0068 0.0149 0.9979 -0.0634
216.0000 44.1973 10.8273 -5.5758 -0.0086 0.0153 0.9978 -0.0638
217.0000 44.1369 10.8067 -5.6100 -0.0079 0.0157 0.9978 -0.0644
218.0000 44.1231 10.7709 -5.6797 -0.0068 0.0161 0.9978 -0.0639
219.0000 44.1206 10.7855 -5.6757 -0.0066 0.0156 0.9978 -0.0634
220.0000 44.1637 10.7656 -5.5980 -0.0083 0.0156 0.9978 -0.0636
221.0000 44.1672 10.7862 -5.5720 -0.0088 0.0156 0.9978 -0.0637
222.0000 44.1627 10.7823 -5.5919 -0.0087 0.0157 0.9978 -0.0643
223.0000 44.1436 10.8085 -5.6060 -0.0083 0.0160 0.9978 -0.0641
224.0000 44.1650 10.8046 -5.6039 -0.0081 0.0158 0.9978 -0.0637
225.0000 44.1550 10.8016 -5.6050 -0.0080 0.0157 0.9978 -0.0636
226.0000 44.1438 10.8044 -5.5997 -0.0084 0.0156 0.9978 -0.0642
227.0000 44.1590 10.8007 -5.6085 -0.0082 0.0156 0.9978 -0.0641
228.0000 44.1660 10.7734 -5.6504 -0.0071 0.0154 0.9978 -0.0634
229.0000 44.1628 10.7495 -5.6761 -0.0064 0.0152 0.9979 -0.0630
230.0000 44.1487 10.7907 -5.6600 -0.0066 0.0149 0.9978 -0.0638
231.0000 44.1624 10.8138 -5.6373 -0.0072 0.0153 0.9978 -0.0647
232.0000 44.1749 10.7929 -5.6616 -0.0072 0.0160 0.9978 -0.0639
233.0000 44.2092 10.7597 -5.6462 -0.0073 0.0156 0.9978 -0.0637
234.0000 44.1756 10.7633 -5.6591 -0.0069 0.0154 0.9978 -0.0637
235.0000 44.1487 10.8092 -5.6634 -0.0068 0.0150 0.9978 -0.0641
236.0000 44.1637 10.8108 -5.6147 -0.0081 0.0154 0.9978 -0.0641
237.0000 44.1540 10.8058 -5.6544 -0.0076 0.0160 0.9978 -0.0640
238.0000 44.1620 10.8190 -5.6848 -0.0067 0.0154 0.9978 -0.0638
239.0000 44.1617 10.7786 -5.6732 -0.0067 0.0148 0.9979 -0.0635
240.0000 44.1675 10.7702 -5.6485 -0.0071 0.0150 0.9978 -0.0636
241.0000 44.2057 10.8149 -5.6459 -0.0073 0.0157 0.9978 -0.0642
242.0000 44.1943 10.7655 -5.6710 -0.0072 0.0158 0.9978 -0.0639
243.0000 44.1753 10.7891 -5.6175 -0.0083 0.0155 0.9978 -0.0640
244.0000 44.1417 10.8089 -5.6347 -0.0076 0.0151 0.9978 -0.0647
245.0000 44.1574 10.7824 -5.6746 -0.0068 0.0149 0.9978 -0.0642
246.0000 44.1875 10.7913 -5.6767 -0.0068 0.0150 0.9978 -0.0640
247.0000 44.2248 10.8414 -5.6424 -0.0075 0.0155 0.9978 -0.0645
248.0000 44.1886 10.8374 -5.5830 -0.0089 0.0158 0.9978 -0.0645
249.0000 44.1180 10.8043 -5.6339 -0.0078 0.0156 0.9978 -0.0642
250.0000 44.1806 10.8069 -5.6796 -0.0069 0.0153 0.9978 -0.0640
251.0000 44.1757 10.7792 -5.6882 -0.0065 0.0150 0.9979 -0.0634
252.0000 44.1392 10.8002 -5.6614 -0.0068 0.0152 0.9978 -0.0640
253.0000 44.1390 10.7923 -5.5966 -0.0087 0.0158 0.9977 -0.0646
254.0000 44.1969 10.8170 -5.5869 -0.0090 0.0158 0.9977 -0.0648
255.0000 44.1734 10.8176 -5.6714 -0.0069 0.0156 0.9978 -0.0643
256.0000 44.1411 10.7835 -5.7023 -0.0062 0.0153 0.9978 -0.0637
257.0000 44.1510 10.7683 -5.6716 -0.0067 0.0151 0.9978 -0.0636
258.0000 44.1635 10.7757 -5.6525 -0.0072 0.0156 0.9978 -0.0638
259.0000 44.2002 10.8252 -5.6159 -0.0084 0.0160 0.9978 -0.0644
260.0000 44.2014 10.8297 -5.6260 -0.0079 0.0156 0.9978 -0.0644
261.0000 44.1757 10.7816 -5.6726 -0.0065 0.0152 0.9978 -0.0642
262.0000 44.1766 10.7393 -5.6800 -0.0065 0.0148 0.9978 -0.0638
263.0000 44.1579 10.7560 -5.6214 -0.0083 0.0155 0.9978 -0.0640
264.0000 44.1644 10.8422 -5.6157 -0.0080 0.0158 0.9977 -0.0647
265.0000 44.1315 10.8611 -5.6589 -0.0068 0.0157 0.9978 -0.0646
266.0000 44.1646 10.8205 -5.6834 -0.0066 0.0150 0.9978 -0.0639
267.0000 44.1945 10.8323 -5.6193 -0.0083 0.0151 0.9978 -0.0647
268.0000 44.2218 10.8516 -5.5749 -0.0091 0.0158 0.9977 -0.0652
269.0000 44.1831 10.7715 -5.6089 -0.0084 0.0157 0.9978 -0.0637
270.0000 44.1382 10.8096 -5.6649 -0.0068 0.0153 0.9978 -0.0638
271.0000 44.1437 10.8093 -5.6873 -0.0063 0.0150 0.9978 -0.0642
272.0000 44.1720 10.8111 -5.6753 -0.0066 0.0151 0.9978 -0.0640
273.0000 44.1786 10.8045 -5.6394 -0.0074 0.0154 0.9978 -0.0644
274.0000 44.1756 10.7719 -5.6522 -0.0072 0.0160 0.9978 -0.0639
275.0000 44.2027 10.7923 -5.6601 -0.0069 0.0157 0.9978 -0.0642
276.0000 44.1744 10.7826 -5.6759 -0.0066 0.0155 0.9978 -0.0638
277.0000 44.1514 10.8142 -5.6059 -0.0084 0.0155 0.9978 -0.0641
278.0000 44.1676 10.8196 -5.6077 -0.0080 0.0154 0.9978 -0.0642
279.0000 44.1684 10.7864 -5.6439 -0.0069 0.0156 0.9978 -0.0640
280.0000 44.1734 10.7813 -5.6630 -0.0066 0.0154 0.9978 -0.0641
281.0000 44.1873 10.7969 -5.6602 -0.0066 0.0157 0.9978 -0.0639
282.0000 44.1790 10.8045 -5.6025 -0.0084 0.0158 0.9978 -0.0641
283.0000 44.1726 10.8070 -5.6346 -0.0077 0.0160 0.9978 -0.0640
284.0000 44.1481 10.7793 -5.6828 -0.0065 0.0160 0.9978 -0.0637
285.0000 44.1566 10.7953 -5.6727 -0.0065 0.0155 0.9978 -0.0638
286.0000 44.1666 10.8321 -5.5915 -0.0085 0.0155 0.9977 -0.0648
287.0000 44.1845 10.7957 -5.6136 -0.0082 0.0158 0.9978 -0.0643
288.0000 44.1602 10.8336 -5.6058 -0.0083 0.0155 0.9978 -0.0640
289.0000 44.1378 10.7941 -5.6636 -0.0068 0.0155 0.9978 -0.0640
290.0000 44.1483 10.7796 -5.6827 -0.0065 0.0154 0.9978 -0.0641
291.0000 44.2009 10.8270 -5.5979 -0.0084 0.0157 0.9978 -0.0645
292.0000 44.2008 10.8120 -5.6222 -0.0077 0.0161 0.9978 -0.0642
293.0000 44.2024 10.8421 -5.6478 -0.0069 0.0152 0.9978 -0.0645
294.0000 44.1849 10.8389 -5.6684 -0.0065 0.0152 0.9978 -0.0646
295.0000 44.2034 10.8095 -5.6721 -0.0066 0.0156 0.9978 -0.0641
296.0000 44.2216 10.8153 -5.5970 -0.0085 0.0159 0.9978 -0.0641
297.0000 44.1711 10.7743 -5.6121 -0.0080 0.0158 0.9978 -0.0637
298.0000 44.1504 10.7925 -5.6563 -0.0070 0.0154 0.9978 -0.0640
299.0000 44.1830 10.8051 -5.6786 -0.0066 0.0155 0.9978 -0.0638
300.0000 44.2083 10.7947 -5.6189 -0.0081 0.0158 0.9978 -0.0645
301.0000 44.1680 10.7792 -5.6057 -0.0080 0.0153 0.9978 -0.0643
302.0000 44.1920 10.7870 -5.6467 -0.0069 0.0155 0.9978 -0.0641
303.0000 44.1688 10.7887 -5.6724 -0.0068 0.0158 0.9978 -0.0641
304.0000 44.1440 10.7980 -5.6069 -0.0086 0.0160 0.9978 -0.0639
305.0000 44.1607 10.8318 -5.6026 -0.0081 0.0156 0.9978 -0.0644
306.0000 44.1763 10.7750 -5.6646 -0.0065 0.0154 0.9978 -0.0638
307.0000 44.1825 10.8032 -5.6492 -0.0068 0.0153 0.9978 -0.0635
308.0000 44.1709 10.7955 -5.5926 -0.0085 0.0158 0.9978 -0.0639
309.0000 44.1799 10.8002 -5.6323 -0.0077 0.0163 0.9977 -0.0647
310.0000 44.2047 10.7675 -5.6789 -0.0063 0.0161 0.9978 -0.0648
311.0000 44.2267 10.7382 -5.6618 -0.0065 0.0158 0.9977 -0.0649
312.0000 44.1852 10.7850 -5.6669 -0.0067 0.0159 0.9978 -0.0641
313.0000 44.1945 10.8850 -5.5978 -0.0085 0.0158 0.9978 -0.0641
314.0000 44.2024 10.8410 -5.5652 -0.0092 0.0157 0.9978 -0.0642
315.0000 44.1688 10.8107 -5.5639 -0.0088 0.0159 0.9978 -0.0641
316.0000 44.1241 10.7810 -5.6551 -0.0070 0.0158 0.9978 -0.0640
317.0000 44.1536 10.7880 -5.7082 -0.0063 0.0156 0.9978 -0.0637
318.0000 44.2196 10.8120 -5.6702 -0.0068 0.0154 0.9978 -0.0636
319.0000 44.2201 10.8216 -5.6362 -0.0071 0.0158 0.9978 -0.0646
320.0000 44.1926 10.8105 -5.5724 -0.0088 0.0163 0.9977 -0.0647
321.0000 44.1697 10.8015 -5.6113 -0.0079 0.0160 0.9978 -0.0643
322.0000 44.1641 10.8242 -5.6709 -0.0069 0.0154 0.9978 -0.0641
323.0000 44.1775 10.8576 -5.6765 -0.0067 0.0149 0.9978 -0.0642
324.0000 44.1605 10.8171 -5.6156 -0.0079 0.0155 0.9978 -0.0647
325.0000 44.1515 10.8287 -5.5999 -0.0082 0.0158 0.9977 -0.0648
326.0000 44.1428 10.8596 -5.6390 -0.0073 0.0159 0.9978 -0.0644
327.0000 44.1757 10.8075 -5.6630 -0.0067 0.0154 0.9978 -0.0642
328.0000 44.1998 10.7807 -5.6816 -0.0067 0.0155 0.9978 -0.0641
329.0000 44.1853 10.8184 -5.5990 -0.0084 0.0159 0.9978 -0.0643
330.0000 44.1745 10.8189 -5.6066 -0.0080 0.0160 0.9978 -0.0646
331.0000 44.1927 10.8209 -5.6593 -0.0067 0.0155 0.9978 -0.0641
332.0000 44.1900 10.8037 -5.6657 -0.0065 0.0153 0.9978 -0.0640
333.0000 44.2096 10.8038 -5.6439 -0.0073 0.0157 0.9978 -0.0646
334.0000 44.2130 10.7790 -5.6532 -0.0072 0.0160 0.9978 -0.0642
335.0000 44.2140 10.7711 -5.6598 -0.0070 0.0159 0.9978 -0.0642
336.0000 44.1780 10.7692 -5.6649 -0.0068 0.0159 0.9978 -0.0636
337.0000 44.1517 10.8176 -5.6045 -0.0083 0.0159 0.9978 -0.0637
338.0000 44.2086 10.8213 -5.5698 -0.0088 0.0156 0.9978 -0.0645
339.0000 44.2300 10.7950 -5.6394 -0.0075 0.0155 0.9978 -0.0646
340.0000 44.2069 10.7463 -5.6931 -0.0066 0.0157 0.9978 -0.0636
341.0000 44.1755 10.7642 -5.6936 -0.0065 0.0161 0.9978 -0.0638
342.0000 44.1855 10.7972 -5.6100 -0.0084 0.0159 0.9978 -0.0645
343.0000 44.2244 10.7774 -5.5728 -0.0091 0.0160 0.9977 -0.0650
344.0000 44.2086 10.8093 -5.5806 -0.0088 0.0157 0.9977 -0.0646
345.0000 44.1620 10.8530 -5.6013 -0.0084 0.0155 0.9978 -0.0643
346.0000 44.1787 10.7686 -5.6664 -0.0069 0.0156 0.9978 -0.0634
347.0000 44.1779 10.7509 -5.6663 -0.0069 0.0153 0.9979 -0.0629
348.0000 44.1971 10.8434 -5.5954 -0.0085 0.0155 0.9978 -0.0644
349.0000 44.1986 10.8269 -5.5920 -0.0084 0.0157 0.9977 -0.0655
350.0000 44.2076 10.7883 -5.6058 -0.0083 0.0159 0.9977 -0.0654
351.0000 44.2057 10.7826 -5.6082 -0.0082 0.0157 0.9978 -0.0645
352.0000 44.2081 10.7949 -5.6511 -0.0070 0.0155 0.9978 -0.0638
353.0000 44.1948 10.8208 -5.6392 -0.0071 0.0152 0.9978 -0.0638
354.0000 44.1421 10.7886 -5.6529 -0.0070 0.0154 0.9978 -0.0639
355.0000 44.1464 10.8059 -5.6112 -0.0085 0.0159 0.9978 -0.0645
356.0000 44.2200 10.8325 -5.6297 -0.0076 0.0162 0.9977 -0.0650
357.0000 44.2619 10.7648 -5.6611 -0.0068 0.0160 0.9978 -0.0644
358.0000 44.1809 10.7662 -5.6604 -0.0067 0.0154 0.9978 -0.0634
359.0000 44.0990 10.7572 -5.6574 -0.0070 0.0152 0.9979 -0.0633
360.0000 44.1442 10.8285 -5.6300 -0.0075 0.0152 0.9978 -0.0643
361.0000 44.1984 10.8243 -5.6307 -0.0075 0.0157 0.9977 -0.0649
362.0000 44.2416 10.8008 -5.5864 -0.0086 0.0161 0.9978 -0.0645
363.0000 44.2209 10.8045 -5.5786 -0.0089 0.0160 0.9978 -0.0641
364.0000 44.1676 10.8020 -5.5912 -0.0086 0.0158 0.9978 -0.0637
365.0000 44.1747 10.8000 -5.6107 -0.0083 0.0158 0.9978 -0.0641
366.0000 44.1964 10.8076 -5.6086 -0.0083 0.0159 0.9977 -0.0646
367.0000 44.2358 10.7899 -5.6183 -0.0080 0.0160 0.9977 -0.0648
368.0000 44.1854 10.7707 -5.6750 -0.0066 0.0157 0.9978 -0.0637
369.0000 44.1728 10.8450 -5.6637 -0.0068 0.0155 0.9978 -0.0633
370.0000 44.1994 10.8292 -5.5953 -0.0084 0.0157 0.9978 -0.0642
371.0000 44.2137 10.7942 -5.5975 -0.0081 0.0159 0.9977 -0.0647
372.0000 44.2083 10.8010 -5.5996 -0.0084 0.0158 0.9978 -0.0645
373.0000 44.1752 10.7747 -5.6526 -0.0073 0.0154 0.9978 -0.0641
374.0000 44.1736 10.7779 -5.6849 -0.0067 0.0154 0.9978 -0.0636
375.0000 44.1820 10.8042 -5.6535 -0.0071 0.0156 0.9978 -0.0641
376.0000 44.1726 10.7981 -5.6652 -0.0069 0.0163 0.9978 -0.0647
377.0000 44.1829 10.7999 -5.6149 -0.0083 0.0162 0.9977 -0.0647
378.0000 44.2063 10.7656 -5.6205 -0.0080 0.0156 0.9978 -0.0642
379.0000 44.1792 10.7964 -5.6102 -0.0082 0.0152 0.9978 -0.0642
380.0000 44.1667 10.8053 -5.6053 -0.0085 0.0153 0.9978 -0.0642
381.0000 44.1627 10.7855 -5.6154 -0.0086 0.0156 0.9978 -0.0642
382.0000 44.1761 10.8091 -5.6767 -0.0070 0.0160 0.9978 -0.0644
383.0000 44.1555 10.7485 -5.6958 -0.0062 0.0156 0.9978 -0.0638
384.0000 44.2054 10.7940 -5.6606 -0.0070 0.0148 0.9978 -0.0640
385.0000 44.1850 10.7974 -5.6414 -0.0073 0.0148 0.9978 -0.0643
386.0000 44.1589 10.7517 -5.6808 -0.0067 0.0151 0.9978 -0.0640
387.0000 44.1934 10.8076 -5.6700 -0.0072 0.0149 0.9978 -0.0637
388.0000 44.1911 10.7978 -5.6706 -0.0070 0.0153 0.9978 -0.0639
389.0000 44.1487 10.7762 -5.6595 -0.0071 0.0156 0.9978 -0.0644
390.0000 44.1661 10.8225 -5.6010 -0.0085 0.0157 0.9977 -0.0647
391.0000 44.1848 10.7961 -5.6257 -0.0076 0.0156 0.9978 -0.0639
392.0000 44.2263 10.7332 -5.6671 -0.0066 0.0154 0.9979 -0.0634
393.0000 44.2347 10.7650 -5.6640 -0.0068 0.0155 0.9978 -0.0640
394.0000 44.1710 10.7952 -5.6711 -0.0068 0.0159 0.9978 -0.0642
395.0000 44.1446 10.7658 -5.6626 -0.0069 0.0157 0.9978 -0.0637
396.0000 44.1965 10.8012 -5.6187 -0.0082 0.0158 0.9978 -0.0637
397.0000 44.2179 10.8203 -5.6062 -0.0079 0.0153 0.9978 -0.0644
398.0000 44.2280 10.7497 -5.6402 -0.0070 0.0153 0.9978 -0.0642
399.0000 44.2232 10.7988 -5.6593 -0.0068 0.0154 0.9978 -0.0643
400.0000 44.1638 10.8097 -5.6816 -0.0066 0.0159 0.9978 -0.0641
401.0000 44.1810 10.7523 -5.6338 -0.0069 0.0164 0.9978 -0.0638
402.0000 44.1902 10.7544 -5.6486 -0.0048 0.0165 0.9978 -0.0637
403.0000 44.1751 10.7755 -5.6678 -0.0030 0.0163 0.9979 -0.0634
404.0000 44.1823 10.7934 -5.6512 -0.0032 0.0162 0.9978 -0.0639
405.0000 44.1380 10.7500 -5.6238 -0.0042 0.0166 0.9978 -0.0642
406.0000 44.0034 10.7183 -5.5915 -0.0041 0.0170 0.9978 -0.0640
407.0000 43.8612 10.7072 -5.5762 -0.0027 0.0167 0.9978 -0.0633
408.0000 43.7692 10.7535 -5.5798 -0.0022 0.0165 0.9978 -0.0636
409.0000 43.6723 10.7250 -5.5991 -0.0027 0.0168 0.9978 -0.0634
410.0000 43.4412 10.6216 -5.6529 -0.0019 0.0173 0.9978 -0.0636
411.0000 43.2151 10.6155 -5.6591 -0.0012 0.0176 0.9978 -0.0640
412.0000 43.0085 10.6233 -5.6490 -0.0010 0.0175 0.9978 -0.0643
413.0000 42.7534 10.6979 -5.6715 -0.0011 0.0173 0.9977 -0.0650
414.0000 42.5092 10.6170 -5.7024 -0.0010 0.0175 0.9977 -0.0653
415.0000 42.3532 10.5448 -5.6928 -0.0015 0.0176 0.9977 -0.0652
416.0000 42.0329 10.4316 -5.6979 -0.0012 0.0176 0.9977 -0.0648
417.0000 41.6521 10.3811 -5.6876 -0.0008 0.0176 0.9978 -0.0641
418.0000 41.3191 10.3585 -5.6889 -0.0009 0.0179 0.9978 -0.0638
419.0000 41.0210 10.3430 -5.7010 -0.0009 0.0183 0.9977 -0.0647
420.0000 40.5821 10.3379 -5.6968 -0.0006 0.0182 0.9977 -0.0655
421.0000 40.0518 10.2405 -5.6926 -0.0006 0.0174 0.9978 -0.0643
422.0000 39.6662 10.0907 -5.7069 -0.0023 0.0174 0.9979 -0.0624
423.0000 39.2373 9.9071 -5.7397 -0.0043 0.0180 0.9979 -0.0621
424.0000 38.8081 9.9168 -5.7360 -0.0053 0.0182 0.9978 -0.0632
425.0000 38.4336 10.0086 -5.7638 -0.0045 0.0184 0.9977 -0.0649
426.0000 37.9115 10.0089 -5.7571 -0.0038 0.0188 0.9978 -0.0640
427.0000 37.3003 9.8566 -5.7680 -0.0034 0.0196 0.9979 -0.0618
428.0000 36.7823 9.7964 -5.7867 -0.0022 0.0201 0.9979 -0.0608
429.0000 36.2811 9.7571 -5.7999 -0.0006 0.0198 0.9979 -0.0615
430.0000 35.7980 9.7174 -5.8063 -0.0006 0.0192 0.9979 -0.0619
431.0000 35.0578 9.5653 -5.8380 -0.0008 0.0188 0.9979 -0.0615
432.0000 34.4383 9.4607 -5.8170 -0.0020 0.0193 0.9979 -0.0612
433.0000 33.9359 9.4356 -5.8028 -0.0025 0.0199 0.9980 -0.0594
434.0000 33.3715 9.3750 -5.8253 -0.0029 0.0197 0.9981 -0.0583
435.0000 32.7074 9.3777 -5.8645 -0.0041 0.0190 0.9982 -0.0574
436.0000 32.0601 9.3298 -5.8760 -0.0047 0.0178 0.9981 -0.0580
437.0000 31.4313 9.2591 -5.8846 -0.0044 0.0178 0.9982 -0.0578
438.0000 30.8197 9.0890 -5.8820 -0.0046 0.0184 0.9982 -0.0576
439.0000 30.2250 9.0343 -5.8621 -0.0057 0.0180 0.9982 -0.0576
440.0000 29.7008 9.0188 -5.8929 -0.0054 0.0172 0.9982 -0.0573
441.0000 29.0401 8.9387 -5.9291 -0.0048 0.0176 0.9982 -0.0578
442.0000 28.3818 8.8702 -5.9386 -0.0051 0.0173 0.9982 -0.0581
443.0000 27.7350 8.7673 -5.9298 -0.0049 0.0171 0.9982 -0.0573
444.0000 27.1523 8.7904 -5.9238 -0.0067 0.0185 0.9981 -0.0578
445.0000 26.5926 8.6877 -5.9872 -0.0083 0.0188 0.9981 -0.0582
446.0000 25.8837 8.6386 -6.0036 -0.0064 0.0178 0.9981 -0.0582
447.0000 25.2616 8.5523 -6.0122 -0.0041 0.0160 0.9982 -0.0578
448.0000 24.7109 8.4913 -5.9946 -0.0035 0.0163 0.9983 -0.0566
449.0000 24.1349 8.3647 -6.0107 -0.0044 0.0179 0.9982 -0.0565
450.0000 23.4533 8.2618 -6.0437 -0.0046 0.0180 0.9982 -0.0568
451.0000 22.7473 8.0906 -6.0623 -0.0044 0.0157 0.9983 -0.0564
452.0000 22.0307 8.0992 -6.0774 -0.0053 0.0144 0.9982 -0.0576
453.0000 21.3084 8.0577 -6.0662 -0.0057 0.0153 0.9982 -0.0579
454.0000 20.5473 7.9625 -6.0907 -0.0046 0.0176 0.9982 -0.0575
455.0000 19.8401 7.9229 -6.0801 -0.0015 0.0196 0.9981 -0.0577
456.0000 19.1145 7.9329 -6.1172 0.0012 0.0188 0.9981 -0.0584
457.0000 18.4702 7.8678 -6.1327 0.0011 0.0176 0.9982 -0.0578
458.0000 17.6353 7.7625 -6.1599 -0.0016 0.0176 0.9983 -0.0559
459.0000 16.8153 7.6680 -6.1777 -0.0047 0.0186 0.9982 -0.0564
460.0000 16.0882 7.6592 -6.1997 -0.0066 0.0182 0.9982 -0.0569
461.0000 15.3667 7.4872 -6.1894 -0.0062 0.0171 0.9982 -0.0570
462.0000 14.5652 7.4033 -6.1987 -0.0060 0.0166 0.9983 -0.0564
463.0000 13.6967 7.3369 -6.2228 -0.0053 0.0177 0.9982 -0.0566
464.0000 11.9765 7.1416 -6.2867 -0.0029 0.0198 0.9982 -0.0571
465.0000 10.6657 6.9776 -6.3308 -0.0006 0.0218 0.9981 -0.0570
466.0000 10.1077 6.9275 -6.3378 -0.0000 0.0220 0.9982 -0.0566
467.0000 9.5732 6.9075 -6.3296 -0.0015 0.0217 0.9981 -0.0570
468.0000 8.6731 6.7856 -6.3513 -0.0020 0.0222 0.9981 -0.0576
469.0000 7.4876 6.7124 -6.4051 -0.0020 0.0236 0.9981 -0.0573
470.0000 6.3951 6.5576 -6.4577 -0.0013 0.0242 0.9981 -0.0572
471.0000 5.5073 6.4343 -6.4678 -0.0020 0.0234 0.9981 -0.0565
472.0000 4.5991 6.4221 -6.4864 -0.0040 0.0221 0.9982 -0.0553
473.0000 3.5606 6.3876 -6.4656 -0.0023 0.0219 0.9982 -0.0566
474.0000 4.3054 8.1681 -6.4441 0.0018 0.0236 0.9963 -0.0829
475.0000 2.4291 7.0023 -6.5294 0.0037 0.0246 0.9973 -0.0694
476.0000 1.5261 7.0560 -6.5909 -0.0012 0.0255 0.9970 -0.0729
477.0000 -0.4460 5.9340 -6.5874 -0.0066 0.0241 0.9981 -0.0572
478.0000 0.4254 8.0537 -6.5542 -0.0099 0.0223 0.9969 -0.0742
479.0000 -1.7801 6.7883 -6.5435 -0.0072 0.0213 0.9977 -0.0637
480.0000 -2.9842 6.4136 -6.5930 -0.0046 0.0221 0.9964 -0.0815
481.0000 -5.0874 5.2624 -6.6722 -0.0045 0.0216 0.9977 -0.0643
482.0000 -3.9912 7.9925 -6.7136 -0.0082 0.0211 0.9972 -0.0710
483.0000 -6.2141 6.5514 -6.7361 -0.0107 0.0201 0.9980 -0.0591
484.0000 -9.0542 4.4706 -6.7452 -0.0101 0.0201 0.9985 -0.0494
485.0000 -8.3545 8.6860 -6.6950 -0.0079 0.0192 0.9980 -0.0593
486.0000 -9.8442 7.0350 -6.7503 -0.0080 0.0183 0.9980 -0.0594
487.0000 -12.0122 3.7387 -6.8528 -0.0098 0.0182 0.9982 -0.0571
488.0000 -11.1934 8.4231 -6.9804 -0.0116 0.0155 0.9974 -0.0701
489.0000 -13.0712 6.8104 -6.8841 -0.0101 0.0162 0.9979 -0.0623
490.0000 -14.6407 6.9565 -6.8960 -0.0089 0.0163 0.9964 -0.0826
491.0000 -16.5502 4.2202 -6.9245 -0.0093 0.0197 0.9976 -0.0663
