1 0 0 -0.5 0 1 0 0 0 0 1 0
0.9999951 -0.00020361765 -0.0031242151 -0.019983824 0.00021477096 0.9999936 0.0035700371 0.097040789 0.0031234682 -0.0035706905 0.99998875 -0.44039028
0.9999951 -0.00020361765 -0.0031242151 -0.019983824 0.00021477096 0.9999936 0.0035700371 0.097040789 0.0031234682 -0.0035706905 0.99998875 -0.44039028
0.9999951 -0.00020361765 -0.0031242151 -0.019983824 0.00021477096 0.9999936 0.0035700371 0.097040789 0.0031234682 -0.0035706905 0.99998875 -0.44039028
0.9999951 -0.00020361765 -0.0031242151 -0.019983824 0.00021477096 0.9999936 0.0035700371 0.097040789 0.0031234682 -0.0035706905 0.99998875 -0.44039028
0.9999951 -0.00020361765 -0.0031242151 -0.019983824 0.00021477096 0.9999936 0.0035700371 0.097040789 0.0031234682 -0.0035706905 0.99998875 -0.44039028
0.9999951 -0.00020361765 -0.0031242151 -0.019983824 0.00021477096 0.9999936 0.0035700371 0.097040789 0.0031234682 -0.0035706905 0.99998875 -0.44039028
0.9999951 -0.00020361765 -0.0031242151 -0.019983824 0.00021477096 0.9999936 0.0035700371 0.097040789 0.0031234682 -0.0035706905 0.99998875 -0.44039028
0.9999951 -0.00020361765 -0.0031242151 -0.019983824 0.00021477096 0.9999936 0.0035700371 0.097040789 0.0031234682 -0.0035706905 0.99998875 -0.44039028
0.9999951 -0.00020361765 -0.0031242151 -0.019983824 0.00021477096 0.9999936 0.0035700371 0.097040789 0.0031234682 -0.0035706905 0.99998875 -0.44039028
0.9999951 -0.00020361765 -0.0031242151 -0.019983824 0.00021477096 0.9999936 0.0035700371 0.097040789 0.0031234682 -0.0035706905 0.99998875 -0.44039028
0.9999951 -0.00020361765 -0.0031242151 -0.019983824 0.00021477096 0.9999936 0.0035700371 0.097040789 0.0031234682 -0.0035706905 0.99998875 -0.44039028
0.9999951 -0.00020361765 -0.0031242151 -0.019983824 0.00021477096 0.9999936 0.0035700371 0.097040789 0.0031234682 -0.0035706905 0.99998875 -0.44039028
0.9999951 -0.00020361765 -0.0031242151 -0.019983824 0.00021477096 0.9999936 0.0035700371 0.097040789 0.0031234682 -0.0035706905 0.99998875 -0.44039028
0.9999951 -0.00020361765 -0.0031242151 -0.019983824 0.00021477096 0.9999936 0.0035700371 0.097040789 0.0031234682 -0.0035706905 0.99998875 -0.44039028
0.9999951 -0.00020361765 -0.0031242151 -0.019983824 0.00021477096 0.9999936 0.0035700371 0.097040789 0.0031234682 -0.0035706905 0.99998875 -0.44039028
0.9999951 -0.00020361765 -0.0031242151 -0.019983824 0.00021477096 0.9999936 0.0035700371 0.097040789 0.0031234682 -0.0035706905 0.99998875 -0.44039028
0.9999951 -0.00020361765 -0.0031242151 -0.019983824 0.00021477096 0.9999936 0.0035700371 0.097040789 0.0031234682 -0.0035706905 0.99998875 -0.44039028
0.9999951 -0.00020361765 -0.0031242151 -0.019983824 0.00021477096 0.9999936 0.0035700371 0.097040789 0.0031234682 -0.0035706905 0.99998875 -0.44039028
0.9999951 -0.00020361765 -0.0031242151 -0.019983824 0.00021477096 0.9999936 0.0035700371 0.097040789 0.0031234682 -0.0035706905 0.99998875 -0.44039028
0.9999951 -0.00020361765 -0.0031242151 -0.019983824 0.00021477096 0.9999936 0.0035700371 0.097040789 0.0031234682 -0.0035706905 0.99998875 -0.44039028
0.9999951 -0.00020361765 -0.0031242151 -0.019983824 0.00021477096 0.9999936 0.0035700371 0.097040789 0.0031234682 -0.0035706905 0.99998875 -0.44039028
0.9999951 -0.00020361765 -0.0031242151 -0.019983824 0.00021477096 0.9999936 0.0035700371 0.097040789 0.0031234682 -0.0035706905 0.99998875 -0.44039028
0.9999951 -0.00020361765 -0.0031242151 -0.019983824 0.00021477096 0.9999936 0.0035700371 0.097040789 0.0031234682 -0.0035706905 0.99998875 -0.44039028
0.9999951 -0.00020361765 -0.0031242151 -0.019983824 0.00021477096 0.9999936 0.0035700371 0.097040789 0.0031234682 -0.0035706905 0.99998875 -0.44039028
0.9999951 -0.00020361765 -0.0031242151 -0.019983824 0.00021477096 0.9999936 0.0035700371 0.097040789 0.0031234682 -0.0035706905 0.99998875 -0.44039028
0.9999951 -0.00020361765 -0.0031242151 -0.019983824 0.00021477096 0.9999936 0.0035700371 0.097040789 0.0031234682 -0.0035706905 0.99998875 -0.44039028
0.99998145 -0.00026928951 -0.0060849292 0.051311044 0.00027222476 0.99999985 0.00048155743 0.050665528 0.0060847986 -0.00048320497 0.99998137 0.024496294
0.99998145 -0.00026928951 -0.0060849292 0.051311044 0.00027222476 0.99999985 0.00048155743 0.050665528 0.0060847986 -0.00048320497 0.99998137 0.024496294
0.99998145 -0.00026928951 -0.0060849292 0.051311044 0.00027222476 0.99999985 0.00048155743 0.050665528 0.0060847986 -0.00048320497 0.99998137 0.024496294
0.99997458 0.00064255014 0.007100565 -0.19208767 -0.00065437147 0.9999984 0.0016626455 0.067147182 -0.0070994853 -0.0016672496 0.99997341 0.11400561
0.99989668 -0.0014457356 0.01430184 0.089608474 0.0014056888 0.99999506 0.002809774 0.13578863 -0.014305831 -0.0027893798 0.99989378 0.91110531
0.99995944 -0.00064960978 0.0089831734 0.049886951 0.00064597167 0.99999971 0.00040788677 0.035193996 -0.0089834357 -0.00040206735 0.99995957 0.6617871
0.99994285 -0.00032556043 0.010686183 0.039169244 0.0001906078 0.99992025 0.012627294 -0.0082944604 -0.010689442 -0.012624535 0.99986317 0.49470782
0.99999422 -0.001107758 0.0032135148 0.033385342 0.0011242619 0.99998617 -0.0051385106 -0.0063452679 -0.0032077781 0.0051420938 0.99998163 0.20690243
0.99997769 -0.0011039228 -0.0065872049 0.0034104894 0.001108676 0.99999913 0.00071797285 -0.0029110435 0.0065864066 -0.00072525992 0.99997805 -0.42225055
0.99996053 -0.00092361603 -0.0088365492 -0.060841115 0.00089777667 0.99999531 -0.0029276664 0.0058755714 0.0088392118 0.0029196176 0.99995667 -0.57096414
0.99999155 -0.0013310496 -0.0038905183 -0.012169219 0.0013224245 0.99999666 -0.0022186702 0.025063021 0.0038934585 0.0022135066 0.99998997 -0.17824853
0.99999119 -0.0010859779 -0.0040538846 -0.055937576 0.0010733646 0.99999458 -0.0031122925 -0.031469698 0.0040572425 0.0031079138 0.99998694 -0.34189613
0.99999952 -0.00089226531 0.00040572763 0.06970896 0.00089352674 0.99999473 -0.00311958 -0.036474706 -0.000402942 0.003119941 0.99999505 0.15181357
0.99999344 -0.00082807858 0.0035255882 -0.024497303 0.00083051407 0.99999942 -0.00068939567 0.0044327579 -0.0035250153 0.0006923192 0.99999355 0.28583821
0.99999726 -0.0010657388 0.0020846456 -0.0044600457 0.001059472 0.99999492 0.0030049499 0.073409968 -0.0020878375 -0.003002733 0.99999331 0.19002718
0.99999908 0.00044665654 -0.0012798747 -0.0013569004 -0.00044815741 0.99999921 -0.0011726221 0.062122271 0.0012793499 0.0011731946 0.99999849 -0.12365963
0.9999956 0.00027375617 -0.0029526941 0.015465265 -0.00027677288 0.99999944 -0.0010213188 0.097744314 0.0029524129 0.0010221315 0.99999512 -0.25192118
0.99999854 0.00060784726 0.0015939305 -0.035387177 -0.00061112445 0.9999977 0.0020563615 0.10977356 -0.0015926769 -0.0020573326 0.99999662 0.11590078
0.99999933 0.00055204087 0.0010149817 0.026200582 -0.00055334839 0.99999902 0.0012883945 0.16602174 -0.0010142695 -0.0012889553 0.99999865 0.042267303
0.99999954 0.00046213287 0.00084033364 -0.002469495 -0.00046231952 0.99999987 0.00022192931 0.10927386 -0.00084023097 -0.00022231771 0.99999962 0.039280951
0.99999901 7.3697958e-05 -0.0014064593 -0.0095113504 -7.5358598e-05 0.9999993 -0.0011807075 0.093270733 0.0014063713 0.0011808123 0.99999831 -0.12308873
0.99999965 -0.00010876508 0.00083506787 -0.00087869113 0.00010725954 0.99999837 0.0018027214 0.046488814 -0.00083526258 -0.0018026312 0.99999803 0.055073582
0.9999986 -0.0010405158 0.0013074135 0.014581094 0.0010405065 0.99999946 7.8327365e-06 0.04614735 -0.0013074209 -6.4723534e-06 0.99999915 0.090840481
0.99999947 -0.00088515459 -0.00052867935 -0.0063304626 0.00088467644 0.9999992 -0.00090396544 0.0095118142 0.00052947908 0.00090349725 0.99999945 -0.0076989565
0.99999992 -0.00037758542 8.9356635e-05 -0.030892498 0.00037764395 0.99999971 -0.00065590171 0.059230591 -8.9108951e-05 0.00065593541 0.99999978 0.017961616
0.99999905 -5.7319724e-05 0.0013799498 0.029401743 5.6236561e-05 0.99999969 0.00078495507 0.093246001 -0.0013799943 -0.00078487671 0.99999874 0.084019955
0.99999998 -2.4652203e-05 0.00017810866 -0.018488156 2.4635509e-05 1 9.3736025e-05 0.064144242 -0.00017811097 -9.3731636e-05 0.99999998 -0.031792684
0.99999995 -0.00023419799 0.00022963023 0.01088542 0.00023421697 0.99999997 -8.2630766e-05 0.1017726 -0.00022961087 8.2684545e-05 0.99999997 0.027984308
0.99999938 0.00024986521 -0.0010855278 0.024819765 -0.00024982531 0.99999997 3.6891569e-05 0.057047509 0.001085537 -3.6620354e-05 0.99999941 -0.0296368
0.99999848 -6.420663e-05 -0.0017408073 -0.019250629 6.1783701e-05 0.99999903 -0.0013918603 0.088424189 0.0017408949 0.0013917507 0.99999752 -0.096541072
0.99999927 -4.1972363e-05 0.0012078962 -0.0033764858 4.1121196e-05 0.99999975 0.00070468548 0.089727822 -0.0012079255 -0.0007046353 0.99999902 0.086075664
0.99999995 0.00030490515 -1.0633728e-06 -0.023785257 -0.00030490593 0.9999996 -0.0008364568 0.097325691 8.0833237e-07 0.00083645709 0.99999965 -0.0085800363
0.99999995 7.7320364e-05 -0.0003080258 0.0024477202 -7.7605582e-05 0.99999957 -0.00092604928 0.11468823 0.00030795406 0.00092607314 0.99999952 -0.031428284
0.99999917 0.00087241926 -0.00095285729 0.011625532 -0.00087267995 0.99999958 -0.00027320624 0.12355737 0.00095261854 0.00027403756 0.99999951 -0.034303806
0.99999967 0.00071322307 0.00039070323 -0.026859691 -0.00071342689 0.99999961 0.00052177225 0.12987582 -0.00039033093 -0.00052205081 0.99999979 0.015249006
0.99999954 0.00093943101 0.00018318552 0.0056886102 -0.00093955887 0.99999931 0.00069914893 0.12294177 -0.0001825286 -0.00069932072 0.99999974 0.001049113
0.99999908 0.0013073346 -0.0003677863 -0.036977601 -0.0013070138 0.99999877 0.00087123267 0.15526141 0.00036892484 -0.00087075116 0.99999955 -0.044892124
0.99999967 0.00080489403 8.4715848e-05 0.006469307 -0.0008048739 0.99999965 -0.00023746479 0.12447144 -8.4906952e-05 0.00023739652 0.99999997 0.026058682
0.99998355 0.0006559793 -0.0056984072 -0.035343134 -0.00066605677 0.99999822 -0.0017667532 0.12702792 0.0056972381 0.0017705196 0.9999822 -0.30956924
0.99998791 0.00087421646 0.0048399922 0.029448321 -0.00087421159 0.99999962 -3.1208967e-06 0.12450389 -0.0048399931 -1.1103183e-06 0.99998829 0.26307817
0.99999902 0.00075047999 0.0011851224 -0.022657791 -0.00075186008 0.99999904 0.0011644987 0.091067554 -0.0011842473 -0.0011653886 0.99999862 0.07946244
0.99999767 -9.403951e-05 0.0021583727 0.040732266 9.1100879e-05 0.99999907 0.001361561 0.075400489 -0.0021584988 -0.0013613612 0.99999674 0.092902034
0.99999983 -0.00037445672 -0.00044159526 -0.015157486 0.00037437094 0.99999991 -0.0001943206 0.02974938 0.00044166799 0.00019415525 0.99999988 -0.033049721
0.99999987 -0.0001608343 -0.00047814286 -0.010347921 0.00016046912 0.9999997 -0.0007636841 0.075123862 0.00047826554 0.00076360728 0.99999959 -0.019476914
0.99999993 0.00013042587 0.00034510728 0.0044214622 -0.00013036675 0.99999998 -0.00017131408 0.072758675 -0.00034512961 0.00017126907 0.99999993 0.033730024
0.99999955 0.0005537951 -0.00077324792 0.017521165 -0.00055453318 0.99999939 -0.00095462202 0.056771893 0.00077271878 0.00095505038 0.99999925 -0.047232239
0.99999973 0.00044519204 0.00059040324 -0.015248778 -0.00044584564 0.99999929 0.0011073754 0.10235223 -0.00058990982 -0.0011076383 0.99999921 0.020948952
0.99999953 0.00068729191 0.00068620665 -0.026180725 -0.00068767537 0.99999961 0.00055872875 0.095678156 -0.00068582237 -0.00055920037 0.99999961 0.01337458
0.99999933 0.00062266678 -0.00097662742 -0.013422388 -0.00062206482 0.99999962 0.00061654672 0.080984308 0.00097701095 -0.00061593878 0.99999933 -0.05960064
0.99999968 0.00035330045 -0.00071156777 0.012296656 -0.0003535439 0.99999988 -0.00034202992 0.087526702 0.00071144685 0.00034228139 0.99999969 -0.030216683
0.99999988 -0.00013740636 -0.00047057508 0.027352986 0.00013715658 0.99999985 -0.00053077467 0.07430164 0.00047064794 0.00053071007 0.99999975 -0.0026783183
0.9999999 -5.2765946e-05 0.00043436832 -0.015827289 5.2816665e-05 0.99999999 -0.00011675377 0.063964711 -0.00043436216 0.0001167767 0.9999999 0.0089054825
0.99999995 0.00025561169 0.00016971131 -0.0073652724 -0.0002556471 0.99999995 0.00020867625 0.055928607 -0.00016965796 -0.00020871963 0.99999996 0.0087323213
0.9999997 0.00055666291 0.0005448993 0.00072738837 -0.00055722827 0.99999931 0.0010379424 0.1073198 -0.00054432114 -0.0010382457 0.99999931 0.0044532489
0.99999896 0.0013856402 0.00038910121 -0.045441796 -0.0013857074 0.99999903 0.00017262914 0.10460066 -0.00038886162 -0.00017316814 0.99999991 0.011482398
0.99999925 0.00072929765 0.00098369967 0.02726137 -0.0007300865 0.99999941 0.00080179968 0.11646222 -0.00098311434 -0.00080251727 0.99999919 0.040734346
0.99999943 0.0010564798 0.00017063032 -0.015010976 -0.0010565788 0.99999927 0.00058128162 0.10748224 -0.00017001609 -0.00058146157 0.99999982 -0.0020885858
0.99999945 0.0010294252 0.00022142538 -0.0033339217 -0.0010296078 0.99999913 0.0008260139 0.10201759 -0.00022057487 -0.00082624143 0.99999963 -0.012054176
0.99999971 0.00044836198 0.00062029114 -0.013586742 -0.00044870933 0.99999974 0.0005599597 0.067748239 -0.00062003992 -0.00056023787 0.99999965 0.019237955
0.99999994 -0.00016641537 0.00029450128 0.022644189 0.0001662725 0.99999987 0.0004850751 0.034886813 -0.00029458197 -0.0004850261 0.99999984 0.0021980357
0.99999996 -0.00025604648 -8.8896657e-05 0.011518291 0.0002561438 0.99999937 0.0010964517 0.036356366 8.8615858e-05 -0.0010964744 0.99999939 -0.0090524516
0.99999987 -0.00039908462 -0.00031525875 0.026642446 0.00039924941 0.99999978 0.00052281845 0.048117168 0.00031505003 -0.00052294425 0.99999981 -0.043286109
0.99999996 -0.00025949528 5.3278457e-05 0.0095584788 0.00025942626 0.99999913 0.0012913752 0.012351877 -5.3613517e-05 -0.0012913614 0.99999916 -0.0033572211
0.99999934 -0.00099887926 0.00057127187 0.046829525 0.00099868972 0.99999945 0.00033196529 -0.00088199951 -0.00057160315 -0.00033139454 0.99999978 -0.0027051783
0.99999877 -0.0014312182 0.00064872579 0.027620143 0.0014309313 0.99999888 0.00044255658 -0.01893981 -0.00064935845 -0.00044162775 0.99999969 0.029050892
0.99999879 -0.0014884131 0.0004584187 0.012950302 0.0014881989 0.99999878 0.00046726433 -0.064945595 -0.00045911362 -0.00046658155 0.99999979 0.016840759
0.99999847 -0.0015981559 -0.00071305173 0.065122965 0.001598579 0.99999855 0.00059322335 -0.041845499 0.00071210263 -0.00059436231 0.99999957 -0.023223287
0.99999904 -0.001371701 0.00021645381 0.05135521 0.0013717854 0.99999898 -0.0003903107 -0.025756917 -0.0002159182 0.00039060725 0.9999999 0.00026938528
0.99999827 -0.0018243323 0.00035841681 0.035592994 0.0018242618 0.99999832 0.00019698298 -0.072999076 -0.00035877557 -0.0001963288 0.99999992 0.028712953
0.99999853 -0.0015213618 -0.00079108114 0.044253352 0.001521599 0.9999988 0.00029928711 -0.062102595 0.00079062487 -0.00030049038 0.99999964 -0.039911534
0.99999792 -0.0020156831 -0.00029681335 0.052825705 0.0020157223 0.99999796 0.00013173221 -0.066713405 0.00029654721 -0.00013233023 0.99999995 -0.017861405
0.99999797 -0.0020103089 0.00010286366 0.067150031 0.0020101624 0.99999699 0.0014045121 -0.065282583 -0.00010568686 -0.0014043025 0.99999901 -0.012119031
0.99999271 -0.0018435196 -0.003344435 0.035857323 0.0018497678 0.99999655 0.0018661078 -0.066459757 0.0033409832 -0.0018722807 0.99999267 -0.17731064
0.99999731 -0.0020183101 -0.0011462549 0.052941233 0.0020193496 0.99999755 0.00090638004 -0.067444464 0.0011444227 -0.00090869229 0.99999893 -0.074712455
0.99999753 -0.0021223054 -0.00065915147 -9.8317732e-05 0.0021223024 0.99999775 -5.2031884e-06 -0.090443196 0.00065916102 3.8042568e-06 0.99999978 -0.053075531
0.9999988 -0.0013255624 0.00079589625 0.038999614 0.0013250152 0.99999889 0.000687664 -0.052863023 -0.0007968069 -0.0006866086 0.99999945 0.02809002
0.99999936 -0.0011307387 6.9962212e-05 0.032117827 0.0011306589 0.99999872 0.0011304868 -0.029231639 -7.1240408e-05 -0.001130407 0.99999936 0.0060146785
0.99999934 0.00097824271 -0.00060721179 -0.046121766 -0.00097774666 0.99999919 0.00081669839 0.063331746 0.00060801023 -0.00081610415 0.99999948 -0.055696906
0.99999795 0.0017722308 -0.00098439676 0.0060507066 -0.0017702787 0.99999647 0.0019804511 0.10135813 0.00098790311 -0.0019787043 0.99999755 -0.05582005
0.99999568 0.0024948687 -0.0015540179 -0.044454652 -0.0024938721 0.99999668 0.0006428937 0.13184376 0.0015556167 -0.0006390154 0.99999859 -0.052836447
0.99999708 0.0018488249 -0.001555497 -0.015303005 -0.0018522148 0.99999591 -0.0021806892 0.090287498 0.0015514589 0.0021835639 0.99999641 -0.032457544
0.99999929 0.00093786362 0.00073279621 -0.012509869 -0.00093645126 0.99999771 -0.0019253304 0.043232711 -0.00073460023 0.0019246428 0.99999788 0.05118404
0.99999522 0.00041743307 0.003065232 0.01996155 -0.00041652317 0.99999987 -0.00029747681 0.038675666 -0.0030653558 0.00029619865 0.99999526 0.10417695
0.99999847 0.00012415616 0.0017468945 0.020892827 -0.00012765031 0.99999799 0.0020002377 0.027782711 -0.0017466427 -0.0020004576 0.99999647 0.036644076
0.99999994 -0.00013326553 0.00032234944 -0.017315694 0.00013253133 0.9999974 0.0022766119 0.016265262 -0.000322652 -0.002276569 0.99999736 0.0063529235
0.99999997 -9.9844897e-05 -0.00021394322 0.007448793 9.9827339e-05 0.99999999 -8.2077778e-05 0.017183721 0.00021395141 8.2056418e-05 0.99999997 3.1575081e-05
0.99999993 0.00016202017 -0.0003298703 0.013490497 -0.00016253441 0.99999877 -0.0015594717 0.017938882 0.00032961723 0.0015595252 0.99999873 0.01941475
0.99999995 3.1648505e-05 -0.0003166683 -0.0067889371 -3.1978005e-05 0.99999946 -0.0010405699 0.0046062854 0.0003166352 0.00104058 0.99999941 -0.00080958228
0.99999986 0.0001535442 0.00051571233 0.017125637 -0.00015350383 0.99999999 -7.8327871e-05 0.013667113 -0.00051572435 7.8248696e-05 0.99999986 0.01279815
0.99999967 0.00016150412 0.00079782232 0.0061808775 -0.00016136796 0.99999997 -0.00017072616 0.024780199 -0.00079784988 0.00017059736 0.99999967 0.036920504
0.99999931 0.00051816999 0.0010520108 0.008448398 -0.0005182445 0.99999986 7.0554739e-05 0.041323686 -0.0010519741 -7.1099889e-05 0.99999944 0.05038159
0.99999963 0.00013297888 0.0008473895 0.029147439 -0.00013318162 0.99999996 0.00023919322 0.033160463 -0.00084735766 -0.00023930599 0.99999961 0.059230829
0.99999976 -0.0004128577 0.00056014365 0.0093993757 0.00041314085 0.99999979 -0.00050546228 -0.011921295 -0.00055993485 0.00050569357 0.99999972 0.017825967
0.99999931 -0.0010337364 0.00056598815 0.048537186 0.0010339548 0.99999939 -0.00038576705 -0.032131382 -0.00056558902 0.00038635199 0.99999977 0.034882101
0.99999984 -0.00057078603 -5.2196078e-05 0.032787904 0.00057078704 0.99999984 1.9269074e-05 -0.0087161715 5.2185071e-05 -1.9298864e-05 1 0.0096054066
0.99999949 -0.0005683564 -0.00083048619 0.025897754 0.00056796735 0.99999973 -0.00046861883 -0.03060385 0.00083075231 0.0004681469 0.99999955 -0.0017291898
0.99999934 -0.00059287696 -0.00098887832 0.022364738 0.00059161588 0.99999901 -0.0012750663 -0.029935879 0.00098963331 0.0012744804 0.9999987 -0.035251542
0.99999986 -0.00052784409 -8.4872259e-05 0.028135492 0.00052776483 0.99999943 -0.00093121494 -0.023266154 8.5363747e-05 0.00093117001 0.99999956 -0.0081568482
0.99999916 -0.00081972312 0.0010051748 0.018722126 0.00081991571 0.99999965 -0.00019120346 -0.034070838 -0.0010050177 0.00019202745 0.99999948 0.03251327
0.99999905 -0.001037818 0.00090862118 0.040850052 0.0010370653 0.99999912 0.00082840955 -0.022276502 -0.00090948012 -0.00082746646 0.99999924 0.032878241
0.99999886 -0.00078233912 0.0012909351 0.038829519 0.00078104332 0.99999919 0.001003971 -0.022422702 -0.0012917195 -0.0010029616 0.99999866 0.039666414
0.99999973 -0.00017949966 0.00070577155 0.031215055 0.00017923564 0.99999991 0.00037412491 0.030138956 -0.00070583864 -0.00037399831 0.99999968 0.018937019
0.99999962 0.00034296803 0.00080337785 0.025556844 -0.00034341013 0.99999979 0.00055021776 0.030692881 -0.00080318897 -0.00055049344 0.99999953 0.034495511
0.99999999 -7.8701915e-05 -7.8574249e-05 0.029661219 7.8731367e-05 0.99999993 0.00037489681 0.0030579151 7.8544738e-05 -0.000374903 0.99999993 -0.0051583907
0.99999953 -0.00087215963 -0.00041432557 0.01730861 0.00087222723 0.99999961 0.0001629989 -0.029077259 0.00041418325 -0.00016336021 0.9999999 -0.023525052
0.99999944 -0.000976772 -0.00039704545 0.011555687 0.00097674876 0.99999952 -5.8726824e-05 -0.055584382 0.00039710262 5.8338978e-05 0.99999992 -0.017953457
0.99999986 -0.00044917348 -0.00027399625 0.0048926244 0.00044919161 0.9999999 6.6111924e-05 -0.023284256 0.00027396652 -6.6234991e-05 0.99999996 -0.0074703146
0.99999977 0.00067701707 -3.87097e-05 -0.023189969 -0.00067702454 0.99999975 -0.00019345602 0.033520862 3.8578718e-05 0.00019348218 0.99999998 -0.0091829572
0.99999925 0.0012210039 5.0759422e-05 -0.0023134157 -0.0012210165 0.99999922 0.00024927409 0.06890579 -5.0455018e-05 -0.00024933589 0.99999997 -0.0021529065
0.99999917 0.0012739921 -0.00019799148 -0.016877135 -0.0012738948 0.99999907 0.00049076735 0.061804991 0.00019861653 -0.00049051472 0.99999986 -0.007455265
0.99999867 0.0016234018 -0.00017781746 -0.036401537 -0.0016233593 0.99999865 0.0002391448 0.076445936 0.00017820545 -0.00023885581 0.99999996 -0.0062674766
0.99999858 0.0016719525 -0.00020990517 -0.021155648 -0.0016719485 0.9999986 1.9248613e-05 0.06566793 0.00020993706 -1.8897635e-05 0.99999998 -0.0026062487
0.9999988 0.0014974261 -0.00039027954 -0.044237239 -0.0014975118 0.99999885 -0.00021939874 0.10258988 0.00038995056 0.00021998292 0.9999999 0.00026749607
0.99999824 0.0018759796 -3.008992e-05 -0.036446452 -0.0018759738 0.99999822 0.00019179839 0.076253954 3.0449676e-05 -0.00019174161 0.99999998 -0.0078241156
0.99999972 0.00065035558 0.00038230198 -0.022778977 -0.0006503689 0.99999979 3.4719955e-05 0.024097775 -0.00038227932 -3.4968583e-05 0.99999993 0.01632326
0.99999872 0.0015607791 -0.00034875496 -0.026314766 -0.001560764 0.99999878 4.358775e-05 0.051254029 0.00034882257 -4.304337e-05 0.99999994 -0.021059349
0.99999965 0.00082387775 -0.0001489894 0.00022943826 -0.00082384606 0.99999964 0.00021261832 0.0401447 0.00014916451 -0.0002124955 0.99999997 0.0012935827
0.9999997 0.00076772725 -0.00013142874 -0.020996496 -0.00076772055 0.9999997 5.1053099e-05 0.060538986 0.0001314679 -5.0952183e-05 0.99999999 0.0043448156
0.99999882 0.0015206974 -0.00023254139 -0.027065112 -0.0015207133 0.99999884 -6.839788e-05 0.069477235 0.0002324371 6.8751427e-05 0.99999997 -0.0077527362
0.99999796 0.0020146517 0.00016580385 -0.012599391 -0.0020147198 0.99999789 0.00041184805 0.074199512 -0.00016497377 -0.00041218126 0.9999999 0.011582529
0.99999967 0.00070870581 -0.00040036779 -0.019158473 -0.00070880478 0.99999972 -0.000247118 0.021467389 0.00040019254 0.0002474017 0.99999989 -0.013533877
0.99999989 0.00021658323 -0.00041633474 0.013879011 -0.00021652322 0.99999997 0.00014419469 0.032111059 0.00041636595 -0.00014410453 0.9999999 -0.0013235814
0.99999999 0.00013162434 -0.00010482427 -0.012233902 -0.00013166825 0.9999999 -0.00041892144 0.00037044124 0.00010476912 0.00041893523 0.99999991 0.00064724951
0.99999999 0.00013279554 0.00011119597 0.0090489682 -0.00013278569 0.99999999 -8.8524955e-05 0.017403206 -0.00011120772 8.8510188e-05 0.99999999 0.0059992057
1 -5.3152746e-05 -7.0919126e-05 0.0095108128 5.3161524e-05 0.99999999 0.0001237853 -0.014580076 7.0912545e-05 -0.00012378907 0.99999999 0.003456493
0.99999989 -0.00043571501 0.00016985259 -0.003631811 0.00043566647 0.99999986 0.00028568509 -0.022741628 -0.00016997705 -0.00028561106 0.99999994 0.0066540148
0.99999981 -0.00020852375 -0.00057257014 0.0089832491 0.00020859556 0.99999997 0.00012535567 -0.037772526 0.00057254398 -0.00012547508 0.99999983 -0.031551025
0.99999981 -0.00057231378 -0.00021904715 0.0041763787 0.00057232153 0.99999984 3.5354642e-05 -0.016999533 0.00021902688 -3.5480001e-05 0.99999998 -0.016403904
0.99999989 -0.00045887743 0.00013095747 -0.0057004168 0.00045890891 0.99999987 -0.00024045578 -0.0025435238 -0.00013084711 0.00024051585 0.99999996 0.0067028467
0.99999996 0.00014026065 -0.00026361444 0.012708587 -0.00014032599 0.99999996 -0.00024786095 -0.0090762446 0.00026357966 0.00024789793 0.99999993 0.00087892715
0.9999999 0.0003982429 -0.00018609353 -0.0050135482 -0.00039821213 0.99999991 0.00016535773 -0.0018601752 0.00018615936 -0.00016528361 0.99999997 0.0057215186
1 2.912927e-06 -3.5197824e-05 -0.0085531528 -2.9260901e-06 0.99999993 -0.00037398094 0.010204234 3.5196732e-05 0.00037398104 0.99999993 -0.010110002
0.99999999 -9.6189201e-05 -7.9703476e-05 0.007216075 9.619607e-05 0.99999999 8.6174529e-05 -0.02206471 7.9695186e-05 -8.6182196e-05 0.99999999 -0.0049226742
0.99999997 -0.00018166723 -0.00015253723 0.00067082619 0.00018167938 0.99999998 7.9658235e-05 -0.0071763625 0.00015252276 -7.9685945e-05 0.99999999 0.0015014807
1 4.6258757e-06 -6.0333845e-05 0.0069157399 -4.6533973e-06 0.9999999 -0.00045616206 -0.0018580615 6.0331729e-05 0.00045616234 0.99999989 0.0013214384
0.99999991 -0.00027374679 0.00033795749 -0.012614895 0.00027375179 0.99999996 -1.4748554e-05 0.0030225402 -0.00033795344 1.4841069e-05 0.99999994 0.0054444596
0.99999997 0.00024995035 5.9759212e-05 0.0029487882 -0.00024995587 0.99999996 9.2331181e-05 -0.014152857 -5.9736132e-05 -9.2346115e-05 0.99999999 0.0036528553
0.99999992 -0.00037247901 0.00014690737 0.0038736153 0.00037252015 0.99999989 -0.00028008695 -0.0096340882 -0.00014680303 0.00028014165 0.99999995 -0.0078034731
0.99999991 -0.00041414459 5.6897503e-06 0.010958119 0.00041414493 0.99999991 -5.9842869e-05 -0.013394455 -5.6649662e-06 5.984522e-05 1 0.0050601134
0.9999999 -0.00040651409 -0.00016629767 0.00836237 0.00040648715 0.9999999 -0.00016195937 -0.01873889 0.00016636349 0.00016189176 0.99999997 -0.010539673
0.99999997 0.00013126124 0.00022548633 -0.0067116819 -0.00013128975 0.99999998 0.00012642501 0.0053942802 -0.00022546973 -0.00012645461 0.99999997 0.010965078
0.99999998 0.0001738118 -0.00013093885 -0.0068123647 -0.00017385217 0.99999994 -0.00030834441 -0.0030789423 0.00013088525 0.00030836717 0.99999994 -0.013886951
0.99999997 0.00021235166 0.00013313057 -0.0034942012 -0.00021237328 0.99999996 0.0001623984 0.0096099072 -0.00013309608 -0.00016242667 0.99999998 0.0055013871
0.99999999 0.00010783415 -1.5049289e-05 -0.0097200246 -0.00010782941 0.99999994 0.00031512479 -0.0016779915 1.5083269e-05 -0.00031512317 0.99999995 -0.0047746436
0.99999995 0.00026920394 0.00019270937 0.0093401903 -0.00026918551 0.99999996 -9.5654756e-05 0.0036945527 -0.00019273511 9.5602876e-05 0.99999998 0.0063953014
0.99999995 -0.00032559247 5.9017687e-05 0.015757195 0.00032560604 0.99999992 -0.00023009755 -0.0063187871 -5.8942764e-05 0.00023011675 0.99999997 0.0015417238
0.99999992 -0.00036723228 0.00017227968 -0.00048437395 0.0003672402 0.99999993 -4.5968809e-05 -0.015998852 -0.00017226279 4.6032073e-05 0.99999998 0.013811647
0.99999982 -2.0967448e-05 -0.00060289326 0.0048968665 2.0952784e-05 1 -2.4328893e-05 -0.0080922153 0.00060289377 2.4316256e-05 0.99999982 -0.014778101
1 -5.7366338e-05 -4.6411278e-05 -0.020413087 5.7360909e-05 0.99999999 -0.00011696915 0.0097169439 4.6417988e-05 0.00011696649 0.99999999 0.0038928282
0.99999991 0.00036489479 0.00022363457 0.0029043252 -0.00036486412 0.99999992 -0.00013718239 0.012932579 -0.00022368461 0.00013710078 0.99999997 0.00123329
0.99999999 0.00015501431 -1.2341072e-05 0.0072060456 -0.00015501466 0.99999999 -2.8355177e-05 0.0064025146 1.2336676e-05 2.835709e-05 1 0.0013574568
0.99999998 0.00018129719 1.1181698e-05 -0.0024224845 -0.00018129563 0.99999997 -0.00013984671 0.0012328164 -1.1207051e-05 0.00013984468 0.99999999 -0.0048580279
0.99999998 -0.00015891061 -0.00011931256 -0.0074278235 0.00015889562 0.99999998 -0.00012568785 0.00043866382 0.00011933253 0.00012566889 0.99999998 0.0023732452
1 1.0573317e-05 -7.4112958e-05 -0.008412449 -1.0572843e-05 1 6.4001555e-06 -0.014644049 7.4113026e-05 -6.3993719e-06 1 0.00083140407
0.99999998 -0.00017216426 -5.7962322e-05 0.016788206 0.00017215757 0.99999998 -0.00011548236 0.0018193931 5.7982203e-05 0.00011547238 0.99999999 -0.014109759
0.99999998 -6.3649552e-05 0.00020096906 -0.001829588 6.3672229e-05 0.99999999 -0.00011283033 -0.0026354795 -0.00020096188 0.00011284312 0.99999997 0.0089836652
1 3.2397399e-06 -6.5346633e-05 -0.0003067282 -3.2375145e-06 1 3.4056236e-05 -0.0043667727 6.5346743e-05 -3.4056024e-05 1 0.0033631842
1 -2.7880607e-05 6.3939811e-06 -0.0016071474 2.7880958e-05 1 -5.4947249e-05 0.0062871135 -6.3924491e-06 5.4947428e-05 1 -0.0059522205
0.99999998 0.00021589917 -1.8167849e-06 -0.0027695444 -0.00021589883 0.99999996 0.00018486217 0.00038232284 1.8566964e-06 -0.00018486178 0.99999998 -0.00070184618
0.99999997 0.00019852087 0.00014139019 -0.0025753147 -0.00019849819 0.99999997 -0.00016039876 0.0045204005 -0.00014142203 0.00016037069 0.99999998 0.007150726
0.99999999 -0.00011374147 3.5233824e-05 0.0037501517 0.0001137433 0.99999999 -5.2105725e-05 0.00079007038 -3.5227897e-05 5.2109732e-05 1 -0.005499937
1 -8.5030407e-05 1.313392e-05 0.0033238312 8.5029911e-05 1 3.7742534e-05 0.0010070758 -1.3137129e-05 -3.7741418e-05 1 0.0084910702
1 -9.2054616e-05 2.0756069e-06 0.0026655668 9.2054807e-05 0.99999999 -9.2341924e-05 -0.0095816594 -2.0671063e-06 9.2342115e-05 1 0.0041082771
0.99999992 -0.00033738994 -0.00019090949 -0.015776353 0.00033735157 0.99999992 -0.0002009524 -0.029149288 0.00019097728 0.00020088798 0.99999996 -0.013373011
0.9999999 -0.00045714526 -1.0557239e-05 0.01922954 0.00045714492 0.99999989 -3.25242e-05 -0.0080702465 1.0572106e-05 3.251937e-05 1 0.0027270729
0.99999999 -0.00016209297 -9.8969135e-06 -0.0093441036 0.00016209448 0.99999998 0.00015343941 -0.012982057 9.8720418e-06 -0.00015344101 0.99999999 0.00068258883
0.99999998 -0.00014484431 -0.00011849175 0.004064127 0.00014487962 0.99999995 0.00029807137 -0.0013134848 0.00011844857 -0.00029808853 0.99999995 -0.0010837058
0.99999999 -0.0001041225 -0.00010708206 -5.9798053e-05 0.00010409292 0.99999996 -0.00027622447 -0.0069502107 0.00010711082 0.00027621332 0.99999996 -0.0028878179
0.99999997 0.0002193348 -7.3471404e-05 -0.0099824828 -0.00021931737 0.99999995 0.00023710917 0.015822748 7.3523406e-05 -0.00023709305 0.99999997 -0.0015837146
0.99999984 0.00050604427 -0.00024093894 0.00076659479 -0.00050607713 0.99999986 -0.00013631764 0.018835645 0.00024086992 0.00013643955 0.99999996 -0.0025663085
0.99999995 0.0003085679 -4.0945401e-05 -0.00020250768 -0.000308564 0.99999995 9.5299389e-05 0.015731981 4.0974805e-05 -9.528675e-05 0.99999999 0.0048626378
0.99999996 4.4786338e-05 -0.00026318265 -0.010405738 -4.4833275e-05 0.99999998 -0.00017834121 -0.0064175577 0.00026317465 0.00017835301 0.99999995 -0.003085433
0.99999996 -0.00027767021 6.9481783e-06 0.0042555801 0.00027766948 0.99999996 0.00010473827 -0.0042389843 -6.9772607e-06 -0.00010473634 0.99999999 0.0093558966
0.99999999 -0.00010614473 -1.8384252e-05 0.0026481337 0.00010614224 0.99999999 -0.00013540189 -0.010683726 1.8398624e-05 0.00013539993 0.99999999 -0.007218973
0.99999997 -0.00019369506 0.00017074866 -0.00081344371 0.00019373232 0.99999996 -0.00021821411 0.0042565774 -0.00017070639 0.00021824718 0.99999996 0.0019228546
0.99999999 0.00016238926 -5.4687442e-05 0.01363211 -0.00016238718 0.99999999 3.8079845e-05 0.0030345231 5.4693625e-05 -3.8070964e-05 1 -0.0026719942
1 5.0332741e-05 4.6470545e-05 -0.012076292 -5.0338372e-05 0.99999999 0.00012118862 -0.0080079287 -4.6464444e-05 -0.00012119095 0.99999999 0.0019444422
0.99999998 -0.00014563344 -0.00012115097 0.0019755331 0.0001456415 0.99999999 6.648599e-05 -0.0042556673 0.00012114129 -6.6503633e-05 0.99999999 -0.0081166917
0.99999998 0.00018346816 4.3825964e-05 -0.012046285 -0.00018346234 0.99999997 -0.00013278621 0.00411788 -4.3850325e-05 0.00013277817 0.99999999 -0.001600681
0.99999998 0.00012335446 0.00013520686 0.010211869 -0.0001233597 0.99999999 3.8784707e-05 0.014890148 -0.00013520208 -3.8801385e-05 0.99999999 0.0047784211
0.99999999 3.016505e-05 -0.00015758166 -0.0067057829 -3.0131018e-05 0.99999998 0.00021596543 -0.0011222732 0.00015758817 -0.00021596068 0.99999996 -0.0027970237
0.99999997 -0.00014498731 0.00019231345 0.0087321833 0.00014498204 0.99999999 2.7433226e-05 0.0013292745 -0.00019231742 -2.7405343e-05 0.99999998 0.0063847993
0.99999995 -0.00031857705 -5.9526469e-05 0.0010513279 0.00031857629 0.99999995 -1.276896e-05 -0.022140631 5.9530534e-05 1.2749996e-05 1 -0.0048184936
0.99999991 -0.00041882694 -4.3694858e-06 -0.0054607438 0.00041882725 0.99999991 7.1892107e-05 -0.020723292 4.3393751e-06 -7.1893931e-05 1 -0.0037908702
0.99999999 7.3159198e-05 -6.8461141e-05 0.0024660492 -7.3161908e-05 1 -3.9587144e-05 -0.0056096151 6.8458245e-05 3.9592153e-05 1 0.00069711738
0.99999999 0.00012594789 5.7085266e-05 -0.0091201149 -0.00012596029 0.99999997 0.00021741085 0.011621778 -5.7057881e-05 -0.00021741804 0.99999997 0.0078265442
0.99999992 0.00029892299 -0.00025969608 0.00017362789 -0.00029891 0.99999995 5.0060016e-05 0.01146993 0.00025971104 -4.9982386e-05 0.99999997 -0.0054277482
0.99999994 0.00028876174 0.0001970816 0.0030035709 -0.00028880118 0.99999994 0.00020009475 0.0073376533 -0.00019702381 -0.00020015166 0.99999996 0.011232705
0.99999996 -4.2981225e-05 -0.00027282817 -0.0070302856 4.2970744e-05 1 -3.8418654e-05 0.0069762293 0.00027282982 3.8406929e-05 0.99999996 -0.012008153
0.99999999 -2.231125e-05 -0.00013348076 -0.0014147661 2.2324911e-05 0.99999999 0.00010234775 0.00038792645 0.00013347847 -0.00010235073 0.99999999 -1.9337545e-05
0.99999996 7.218842e-05 -0.00025729127 -0.0012392807 -7.2186177e-05 1 8.729264e-06 -0.004164833 0.0002572919 -8.7106908e-06 0.99999997 -0.0020787454
0.99999998 -0.00012998907 -0.00014317133 0.0085039983 0.00013000885 0.99999998 0.00013816236 -8.4765892e-05 0.00014315337 -0.00013818097 0.99999998 0.0046541756
0.99999996 -0.00022890076 0.00017787317 -0.0063149859 0.00022889806 0.99999997 1.5189631e-05 -0.016039207 -0.00017787664 -1.5148915e-05 0.99999998 0.0026943295
0.99999998 2.3625068e-05 -0.000190208 0.0039819701 -2.3573365e-05 0.99999996 0.00027181893 0.0033018211 0.00019021442 -0.00027181444 0.99999994 -0.0015933723
0.99999998 -0.00018145305 -1.5152043e-05 0.01768129 0.00018145751 0.99999994 0.00029455916 8.4759122e-05 1.5098594e-05 -0.0002945619 0.99999996 0.0054770031
0.99999997 0.00016723138 -0.00017140805 -0.014450707 -0.00016724544 0.99999998 -8.2030574e-05 0.0075382359 0.00017139433 8.2059239e-05 0.99999998 -0.0050751005
0.99999998 0.00019462592 -9.2618698e-05 0.0012642971 -0.000194625 0.99999998 9.9971978e-06 -0.00065824511 9.2620642e-05 -9.9791717e-06 1 0.00055387615
0.99999999 -4.6691187e-05 0.0001322076 0.0091576211 4.6692093e-05 1 -6.8445602e-06 0.0029738933 -0.00013220728 6.8507331e-06 0.99999999 0.0014409788
0.99999997 -0.00011574292 0.00023196694 -0.0047042904 0.00011560423 0.99999981 0.00059783759 -0.0083446923 -0.00023203609 -0.00059781076 0.99999979 0.0046815396
0.99999999 6.8359831e-05 -0.00015674197 -0.0027760007 -6.834771e-05 0.99999999 7.7339048e-05 0.0038297908 0.00015674725 -7.7328333e-05 0.99999998 -0.0042810914
0.99999999 3.508117e-05 -0.00012376011 0.0048960159 -3.5083972e-05 1 -2.264014e-05 0.0030284345 0.00012375932 2.2644481e-05 0.99999999 -0.0057434074
0.99999994 0.00013723773 0.00030694382 -0.0027758262 -0.0001374072 0.99999984 0.0005521629 0.0036205731 -0.000306868 -0.00055220504 0.9999998 0.013297116
0.99999995 -0.00016736699 -0.00025228294 -0.0058723999 0.00016734111 0.99999998 -0.00010259527 -0.0060545828 0.0002523001 0.00010255305 0.99999996 -0.0097551321
0.99999998 1.6936165e-05 0.0001841766 0.0034241263 -1.6963848e-05 0.99999999 0.00015031023 -0.0035210454 -0.00018417405 -0.00015031335 0.99999997 -0.00092523369
0.99999995 -5.9833807e-05 -0.0003196302 0.0043040997 5.9819667e-05 1 -4.4248261e-05 0.0029850296 0.00031963284 4.4229138e-05 0.99999995 -0.0013446634
0.99999998 -0.00014908453 0.0001264509 -0.0078230948 0.00014908533 0.99999999 -6.30143e-06 -0.011525291 -0.00012644996 6.3202819e-06 0.99999999 -0.0022161467
0.99999998 0.00018561205 -1.1348317e-05 0.0021674148 -0.00018561003 0.99999997 0.00017809557 0.0079075365 1.1381373e-05 -0.00017809346 0.99999998 0.0036852926
1 7.8579646e-05 7.7773526e-06 0.005049639 -7.858128e-05 0.99999997 0.00021027847 0.0081627783 -7.7608288e-06 -0.00021027908 0.99999998 -0.00058217074
0.99999998 -8.0090758e-05 -0.00016433068 -0.012068381 8.0087494e-05 1 -1.9870326e-05 -0.0083312696 0.00016433228 1.9857165e-05 0.99999999 -0.0064426599
0.99999994 -0.00030948306 0.00016636985 0.01202709 0.00030947114 0.99999995 7.1658812e-05 -0.012886078 -0.00016639202 -7.1607321e-05 0.99999998 0.0020277834
0.99999998 0.0001524061 9.3318722e-05 -0.010799731 -0.00015240006 0.99999999 -6.4662389e-05 0.0012644327 -9.3328576e-05 6.4648167e-05 0.99999999 -0.00049652272
0.99999982 0.0005308404 -0.00026596046 0.0051958671 -0.00053083914 0.99999986 4.8018056e-06 0.028091466 0.00026596297 -4.6606225e-06 0.99999996 0.0013105562
0.99999998 0.00013873072 -0.00017119986 -0.0055856088 -0.00013869556 0.99999997 0.00020540142 0.017704863 0.00017122835 -0.00020537767 0.99999996 -0.0010232137
0.99999998 0.00012161938 -0.00014755484 -0.0022927225 -0.00012161568 0.99999999 2.5095033e-05 0.0044986705 0.00014755789 -2.5077088e-05 0.99999999 -0.0013545431
0.99999999 6.2635628e-05 -0.00012918861 0.0026397736 -6.262934e-05 1 4.86763e-05 -0.0067660299 0.00012919166 -4.8668209e-05 0.99999999 0.0035557293
0.99999992 -0.00029943892 -0.0002798183 -0.006611954 0.00029949536 0.99999993 0.00020170557 -0.01140241 0.00027975788 -0.00020178936 0.99999994 -0.0025325022
1 -8.8245426e-05 -1.1014779e-05 0.0060944829 8.8244973e-05 1 -4.1132478e-05 -0.0062821522 1.1018409e-05 4.1131506e-05 1 -0.0060667869
0.99999999 -0.00014976105 -5.6323455e-05 0.0019477595 0.00014975844 0.99999999 -4.6390925e-05 -0.006561962 5.6330402e-05 4.638249e-05 1 0.002697202
0.99999988 -0.00044735572 0.0001790914 0.0092984707 0.00044732433 0.99999988 0.00017528796 -0.010281213 -0.00017916979 -0.00017520783 0.99999997 0.0050227948
0.99999999 -0.00015576669 -3.539532e-05 -0.013987603 0.0001557683 0.99999999 4.5433163e-05 -0.010687321 3.5388242e-05 -4.5438676e-05 1 -0.0057462489
0.99999997 0.00018060628 -0.00014758303 0.0056220875 -0.00018061027 0.99999998 -2.7011565e-05 0.0018033307 0.00014757815 2.7038219e-05 0.99999999 -0.0010139726
0.99999999 0.00014332741 9.5847434e-05 -0.0023965644 -0.0001433339 0.99999999 6.7753261e-05 0.0080184005 -9.5837722e-05 -6.7766999e-05 0.99999999 0.0044340266
0.99999997 0.00024646107 -7.8232067e-05 0.0026009792 -0.00024647165 0.99999996 -0.00013526539 0.013444465 7.8198726e-05 0.00013528467 0.99999999 -0.0051146941
0.99999999 0.00014304138 -5.3812583e-05 -0.0044011999 -0.0001430372 0.99999999 7.7771003e-05 0.0091966149 5.3823707e-05 -7.7763305e-05 1 0.0034498314
0.99999996 0.00028357907 -9.5748746e-05 -0.0020114754 -0.00028358633 0.99999996 -7.5814154e-05 0.0086387121 9.5727242e-05 7.5841303e-05 0.99999999 0.0028184727
1 -1.5769767e-05 -4.5271914e-05 -0.0094954447 1.5781973e-05 0.99999996 0.0002696094 -0.0024597851 4.5267661e-05 -0.00026961011 0.99999996 -0.0050302084
0.99999994 -0.00029658827 0.00019994687 0.021695493 0.00029658377 0.99999996 2.2542291e-05 -0.0091154503 -0.00019995354 -2.2482989e-05 0.99999998 0.010257199
0.99999996 -0.00028057957 7.3502847e-05 -0.0076299838 0.00028057335 0.99999996 8.4566201e-05 -0.012329382 -7.3526572e-05 -8.4545575e-05 0.99999999 -0.0015371213
0.99999997 0.00011476858 -0.00021146224 -0.00025601716 -0.00011475149 0.99999999 8.0860318e-05 0.0041923924 0.00021147152 -8.083605e-05 0.99999997 -0.0081695697
0.99999999 0.00010852662 5.7520434e-05 -0.0016535649 -0.00010853572 0.99999998 0.00015815613 -0.0031719185 -5.7503268e-05 -0.00015816237 0.99999999 0.0082160732
1 -4.9989847e-05 -3.2306649e-05 0.0030715789 4.998755e-05 1 -7.1106626e-05 0.0081847964 3.2310203e-05 7.1105011e-05 1 -0.0049710019
0.99999994 0.00026759382 -0.00023127598 -0.0010853077 -0.00026759517 0.99999996 -5.8349304e-06 0.011077815 0.00023127441 5.8968184e-06 0.99999997 0.003365159
1 7.7129143e-05 -1.2154251e-06 -0.0063616079 -7.7129047e-05 0.99999999 7.8720769e-05 0.009083193 1.2214967e-06 -7.8720675e-05 1 -0.0022141172
0.99999995 0.00029450431 -5.8982147e-05 -0.0003285755 -0.00029449735 0.99999995 0.00011797348 0.0066314982 5.9016888e-05 -0.00011795611 0.99999999 -0.0039886015
0.99999998 -0.00013201015 0.00011640503 -0.002231209 0.00013200113 0.99999999 7.7447031e-05 -0.0037303763 -0.00011641526 -7.7431664e-05 0.99999999 0.0050085241
1 -5.9936594e-05 1.7916437e-05 -0.0015999739 5.993621e-05 1 2.1433999e-05 -0.010969696 -1.7917722e-05 -2.1432925e-05 1 0.0056127195
0.9999999 -0.00044321209 5.3167562e-05 0.011582956 0.00044320873 0.9999999 6.3162354e-05 -0.013689572 -5.3195551e-05 -6.3138783e-05 1 0.00035940344
1 -6.403749e-05 -5.8916925e-05 0.0013618014 6.4049415e-05 0.99999998 0.00020242342 -0.0086038586 5.8903961e-05 -0.00020242719 0.99999998 0.0011931063
0.99999997 0.00011466546 -0.00023786068 -0.0055294362 -0.00011463079 0.99999998 0.00014577173 -0.00012368757 0.00023787739 -0.00014574445 0.99999996 -0.0033092913
1 -7.1781634e-05 4.7098854e-05 -0.0024510625 7.1785824e-05 0.99999999 -8.8955555e-05 0.0028603308 -4.7092468e-05 8.8958936e-05 0.99999999 0.0026734015
0.99999998 -1.1181391e-05 -0.00018832565 0.00092081373 1.1166976e-05 1 -7.6544842e-05 0.0052421212 0.00018832651 7.6542738e-05 0.99999998 -0.0063632589
0.99999999 6.6733464e-06 -0.00013341604 -0.0047516321 -6.6697315e-06 1 2.7095096e-05 -0.012006967 0.00013341623 -2.7094206e-05 0.99999999 -0.0074788657
0.99999999 -6.546176e-05 0.00013158966 -0.0037445189 6.544399e-05 0.99999999 0.00013503571 0.0052464437 -0.0001315985 -0.0001350271 0.99999998 0.0038606517
0.99999997 0.0002203765 4.538675e-05 0.003226126 -0.00022038291 0.99999997 0.0001412151 0.003462467 -4.5355628e-05 -0.0001412251 0.99999999 0.001355678
0.99999995 0.00020779903 -0.00024522262 -0.0011493438 -0.00020780376 0.99999998 -1.9286076e-05 0.01766556 0.00024521861 1.9337033e-05 0.99999997 0.0012206012
0.99999997 0.00025417194 -4.5224605e-05 0.0012178816 -0.00025416909 0.99999997 6.3157654e-05 0.0038658107 4.5240657e-05 -6.3146157e-05 1 0.0059710798
1 9.590001e-05 1.958862e-05 0.002105744 -9.5901371e-05 0.99999999 6.9499937e-05 0.014238918 -1.9581955e-05 -6.9501815e-05 1 0.0040908476
0.99999994 0.00033851168 1.6324918e-05 -0.012129828 -0.00033851144 0.99999994 -1.4572753e-05 0.00025580128 -1.632985e-05 1.4567226e-05 1 -0.0055187896
0.99999999 0.00014361317 2.0890924e-05 -0.00012474562 -0.00014361332 0.99999999 6.8059918e-06 0.013926749 -2.0889946e-05 -6.8089919e-06 1 -0.0022002665
0.99999998 -0.00021135808 4.2102077e-05 0.0027676678 0.0002113527 0.99999997 0.00012787118 -0.017576023 -4.2129103e-05 -0.00012786227 0.99999999 -0.0010147788
0.99999985 -0.00050405357 -0.0001938299 0.00027598714 0.00050408816 0.99999986 0.00017844664 -0.020171856 0.00019373992 -0.00017854432 0.99999997 0.0049480579
0.99999993 -0.00034944446 9.8622591e-05 0.010039397 0.00034944424 0.99999994 2.2238349e-06 -0.02076335 -9.8623362e-05 -2.1893717e-06 1 -0.0018060037
0.99999998 1.0686785e-05 0.00020486083 -0.007172167 -1.0693205e-05 1 3.1337948e-05 0.0075231842 -0.00020486049 -3.1340138e-05 0.99999998 0.0060247149
0.99999997 5.3327302e-05 -0.00024054599 0.00057482305 -5.3354038e-05 0.99999999 -0.00011114061 -0.0090702759 0.00024054007 0.00011115344 0.99999996 -0.0040653105
0.99999999 9.6263472e-05 -0.0001123015 -0.0047271445 -9.6241399e-05 0.99999998 0.00019653212 0.015067519 0.00011232041 -0.00019652131 0.99999997 -0.0083865177
0.99999996 0.00020054075 -0.00018391747 -0.0026050485 -0.00020059143 0.99999994 -0.00027554124 0.00022377865 0.0001838622 0.00027557812 0.99999995 -0.0018045792
1 -4.1608655e-05 6.7268768e-05 -0.002648396 4.1610466e-05 1 -2.6921587e-05 -0.0014222176 -6.7267648e-05 2.6924386e-05 1 0.0042273712
0.99999999 7.1074595e-05 0.00012554061 0.015136366 -7.1082948e-05 1 6.6528763e-05 0.010108696 -0.00012553588 -6.6537686e-05 0.99999999 0.0084956582
0.99999999 -2.1976872e-05 -0.00016296952 -0.0064569767 2.1957664e-05 0.99999999 -0.00011786226 -0.0040712048 0.00016297211 0.00011785868 0.99999998 -0.0070621954
0.99999996 -0.00027576701 1.9389225e-05 0.011800925 0.000275768 0.99999996 -5.1060206e-05 -0.0042346074 -1.9375143e-05 5.1065551e-05 1 -0.0021377719
1 -2.9741341e-05 6.2448242e-06 -0.013774639 2.9741373e-05 1 -5.1133424e-06 -0.015007706 -6.2446721e-06 5.1135281e-06 1 0.000286187
0.99999997 -0.00020442432 -0.00012384038 0.0041170935 0.00020444612 0.99999996 0.00017604458 -0.0015609849 0.00012380439 -0.00017606989 0.99999998 0.0012530328
0.99999998 0.00017456908 -7.0706345e-05 0.0075360266 -0.00017456886 0.99999998 3.0218012e-06 0.0088210306 7.0706872e-05 -3.0094581e-06 1 -0.0045259352
1 3.0512212e-05 3.7154508e-05 -0.0061432278 -3.0509091e-05 1 -8.3982092e-05 4.1546711e-06 -3.7157071e-05 8.3980958e-05 1 -0.0028115083
0.99999999 -4.3095946e-05 9.5913023e-05 -0.010443264 4.3101607e-05 1 -5.9027539e-05 -0.010380314 -9.5910478e-05 5.9031673e-05 0.99999999 0.00040758538
1 4.2938604e-05 -8.1649856e-05 0.013765224 -4.2947107e-05 0.99999999 -0.00010413517 0.0073938076 8.1645384e-05 0.00010413868 0.99999999 0.00085137372
0.99999996 -0.0001285188 0.0002325556 -0.0019721242 0.00012855291 0.99999998 -0.00014664856 -3.3867443e-05 -0.00023253674 0.00014667845 0.99999996 0.0090721635
0.99999998 3.7001271e-05 -0.00018245711 -0.0068195035 -3.7022885e-05 0.99999999 -0.00011845941 0.0011636117 0.00018245273 0.00011846617 0.99999998 -0.011209176
0.99999995 0.00024579805 -0.00019447167 0.0032133892 -0.00024579004 0.99999997 4.1202082e-05 0.0061743571 0.00019448179 -4.1154281e-05 0.99999998 0.0024889748
0.99999999 -2.587287e-05 0.00014098677 0.0031751159 2.5909004e-05 0.99999997 -0.0002562942 -0.00026959212 -0.00014098014 0.00025629785 0.99999996 0.012620427
0.99999991 -0.00014745496 -0.00040763699 -0.0045827268 0.00014746446 0.99999999 2.3282265e-05 -0.0024531318 0.00040763355 -2.3342375e-05 0.99999992 -0.016238672
0.99999995 -0.00027459116 -0.0001246904 0.010378209 0.00027458534 0.99999996 -4.6666106e-05 -0.0087228063 0.00012470321 4.6631866e-05 0.99999999 0.0014614279
0.99999999 -7.0282406e-05 0.00011982251 0.00035499559 7.0286986e-05 1 -3.8215216e-05 -0.0030276225 -0.00011981983 3.8223638e-05 0.99999999 0.0060086876
0.99999995 0.00030749659 -0.00011935367 -0.0013306569 -0.00030748675 0.99999995 8.241917e-05 0.016221615 0.00011937901 -8.2382466e-05 0.99999999 0.004657837
0.99999996 0.00026915747 -7.524476e-05 0.00049582544 -0.00026913865 0.99999993 0.00024995751 0.013452821 7.5312033e-05 -0.00024993724 0.99999997 -0.0024922982
0.99999991 0.00037604937 0.00019136306 -0.017001376 -0.00037606342 0.99999993 7.3354515e-05 0.0077861603 -0.00019133546 -7.3426473e-05 0.99999998 0.0051625853
1 1.7328951e-06 -2.6695745e-05 0.014635218 -1.7261633e-06 0.99999997 0.0002521656 0.0097381902 2.6696181e-05 -0.00025216555 0.99999997 0.0059674708
0.99999995 0.00030828937 -0.00011871669 -0.0086957184 -0.00030831233 0.99999993 -0.00019346226 0.011972309 0.00011865704 0.00019349885 0.99999997 -0.013339115
0.99999998 7.9041069e-05 0.00017624328 -0.0066853173 -7.9064752e-05 0.99999999 0.00013437195 0.006416534 -0.00017623266 -0.00013438588 0.99999998 -0.001652951
0.99999999 -0.0001677903 -1.687493e-05 -0.00061217329 0.0001677908 0.99999999 2.9977718e-05 -0.0062123007 1.68699e-05 -2.9980549e-05 1 -0.0010494197
0.9999999 -0.00040591848 -0.00017681302 -0.0044165249 0.00040587526 0.99999989 -0.0002443936 -0.0328954 0.00017691221 0.00024432182 0.99999995 -0.0050490817
0.99999988 -0.00040018315 0.00029508132 0.022594508 0.00040020933 0.99999992 -8.869515e-05 -0.012169784 -0.0002950458 8.8813233e-05 0.99999995 0.0066509225
0.99999998 -0.00021440416 -4.9794986e-07 -0.0067441765 0.00021440421 0.99999997 0.00010645979 -0.0080389007 4.7512442e-07 -0.0001064599 0.99999999 -0.00053365568
0.99999995 -0.0003134862 -8.0094438e-05 -0.0015825338 0.00031349783 0.99999994 0.00014519979 -0.011924017 8.0048915e-05 -0.00014522489 0.99999999 -0.0021436537
0.99999998 0.00018694797 7.185128e-05 -0.00032020346 -0.00018694694 0.99999998 -1.4431709e-05 0.0060164317 -7.1853977e-05 1.4418277e-05 1 0.00035144076
0.99999999 0.00010166737 -6.1034623e-05 0.0055714053 -0.00010167116 0.99999999 -6.2049804e-05 0.003153459 6.1028315e-05 6.2056009e-05 1 -0.00079866084
0.99999996 0.00028934817 5.7298277e-05 -0.0065962824 -0.00028936145 0.99999993 0.00023186591 0.017743413 -5.7231183e-05 -0.00023188248 0.99999997 0.0019490985
0.99999993 0.00037768029 6.921278e-06 -0.0015374343 -0.00037768056 0.99999993 3.8736624e-05 0.015581337 -6.9066474e-06 -3.8739235e-05 1 0.001328397
0.99999997 0.00022263392 7.1657801e-05 -0.0054998427 -0.00022263708 0.99999997 4.4168813e-05 0.0036777403 -7.1647966e-05 -4.4184765e-05 1 -0.0025522257
1 2.6071774e-05 -5.0262059e-05 -0.0042484822 -2.6079406e-05 0.99999999 -0.00015185409 0.0053349637 5.0258099e-05 0.0001518554 0.99999999 -0.0051185488
0.99999999 -0.00015335622 -5.2217759e-06 0.0097827758 0.00015335663 0.99999999 7.9446848e-05 -0.0092459289 5.2095922e-06 -7.9447648e-05 1 0.0080010148
0.99999994 -0.00034652083 5.0608713e-05 0.00054664807 0.00034651842 0.99999994 4.7531181e-05 -0.011068417 -5.0625181e-05 -4.7513641e-05 1 -0.003787376
1 3.8621418e-05 3.2651344e-05 0.0087265865 -3.8630467e-05 0.99999996 0.00027717817 0.0024720598 -3.2640638e-05 -0.00027717943 0.99999996 0.0042552624
1 7.5164131e-05 2.0095648e-05 -0.0063196137 -7.5163903e-05 1 -1.1369741e-05 0.00040702629 -2.0096503e-05 1.136823e-05 1 0.002147572
1 4.208211e-05 -3.8885087e-06 0.0045447035 -4.2081716e-05 0.99999999 0.00010128001 -0.00049869095 3.8927707e-06 -0.00010127984 0.99999999 0.0017671275
0.99999999 -0.0001110934 -9.547591e-05 0.0010919435 0.00011111413 0.99999997 0.00021715178 -0.003915637 9.5451783e-05 -0.00021716239 0.99999997 0.00069154967
0.99999999 -2.9637631e-05 0.00012085985 -8.4937927e-05 2.9654292e-05 0.99999999 -0.00013785793 -0.0090130035 -0.00012085577 0.00013786152 0.99999998 -0.0042452067
0.99999999 7.2900172e-05 -0.00014232838 -0.0068305659 -7.2881951e-05 0.99999999 0.00012801796 0.003541415 0.00014233771 -0.00012800759 0.99999998 -0.00021827774
0.99999996 -1.3343594e-05 0.00026957355 0.0014640259 1.3282134e-05 0.99999997 0.00022798787 0.0096275441 -0.00026957659 -0.00022798428 0.99999994 -0.0024313646
1 -5.6993072e-05 -2.9453198e-05 0.0016635014 5.6996824e-05 0.99999999 0.00012741685 -0.0089798714 2.9445936e-05 -0.00012741853 0.99999999 0.00019691723
0.99999997 -7.0405908e-06 -0.00025862684 -0.00066715383 7.0382899e-06 1 -8.8974782e-06 -0.0033222836 0.0002586269 8.8956577e-06 0.99999997 -0.0019063993
0.99999997 -0.00012120552 0.00019059355 0.004499094 0.00012116335 0.99999997 0.00022123292 -0.00050711006 -0.00019062036 -0.00022120983 0.99999996 0.0079288203
0.99999999 0.00015847661 -5.1919364e-05 0.0023537512 -0.00015848335 0.99999998 -0.00012993493 -0.00052139407 5.1898771e-05 0.00012994316 0.99999999 -0.0031251888
0.99999999 1.8431372e-05 0.000122427 -0.014084812 -1.8470042e-05 0.99999995 0.0003158679 0.00069394602 -0.00012242117 -0.00031587016 0.99999994 0.00066565394
0.99999998 0.00019027533 -9.2025817e-05 -0.0012118852 -0.00019027388 0.99999998 1.5790236e-05 0.0035808422 9.202882e-05 -1.5772726e-05 1 -0.0060158736
0.99999996 -7.3065286e-05 -0.0002644159 0.011509847 7.3045135e-05 0.99999999 -7.6215932e-05 0.0013589724 0.00026442147 7.6196615e-05 0.99999996 -0.0070822591
0.99999993 -0.00013668236 0.00034717612 0.00093661835 0.0001366444 0.99999998 0.00010935812 -0.0023268459 -0.00034719106 -0.00010931067 0.99999993 0.011116722
0.99999999 -8.2998481e-05 -0.00011237826 0.00097248407 8.3001977e-05 1 3.1101924e-05 0.00055979087 0.00011237567 -3.1111251e-05 0.99999999 0.0026131442
0.99999998 8.9673189e-05 -0.00016672003 -0.0032806541 -8.9647481e-05 0.99999998 0.00015419738 0.0038875326 0.00016673385 -0.00015418243 0.99999997 0.00060719029
0.99999996 0.00013763896 -0.00026101769 -8.3924987e-05 -0.00013761346 0.99999999 9.7734625e-05 0.0060472891 0.00026103114 -9.7698702e-05 0.99999996 -0.00034815331
0.99999997 0.0001304276 -0.00020023428 -0.012308702 -0.00013041822 0.99999999 4.6869411e-05 -0.0039082271 0.00020024039 -4.6843296e-05 0.99999998 -0.0044681514
0.99999997 -5.4372679e-05 -0.00025400891 0.004753874 5.435269e-05 1 -7.869753e-05 0.0044945869 0.00025401319 7.8683721e-05 0.99999996 -0.0020084974
0.99999997 -0.00016573499 -0.00017240326 0.00048043851 0.00016568731 0.99999995 -0.00027658234 -0.0068476454 0.00017244909 0.00027655377 0.99999995 -0.0020404006
0.99999999 -7.3469727e-05 0.0001267043 0.0033635201 7.3465044e-05 1 3.6962699e-05 -0.0031438418 -0.00012670702 -3.695339e-05 0.99999999 0.0022080916
0.99999997 9.2907536e-05 0.00021102179 -0.0013321641 -9.2947545e-05 0.99999998 0.00018959342 0.0068502217 -0.00021100417 -0.00018961303 0.99999996 0.0057793615
0.99999999 0.00014807403 4.6011777e-05 -0.0068664118 -0.00014807665 0.99999999 5.6809031e-05 0.0062187695 -4.6003364e-05 -5.6815844e-05 1 -0.0015508081
0.99999998 0.00015434284 -0.00013078876 0.0026958722 -0.00015434559 0.99999999 -2.1003063e-05 0.0039284492 0.00013078552 2.1023249e-05 0.99999999 -0.0036044164
0.99999991 -0.00042081068 -8.0067117e-05 0.0020972115 0.00042080755 0.99999991 -3.9092728e-05 -0.022691241 8.0083561e-05 3.9059031e-05 1 0.0018585708
0.99999999 -0.00013789429 -2.7335605e-05 0.0022845768 0.00013789064 0.99999998 -0.00013345786 -0.0049918016 2.7354007e-05 0.00013345409 0.99999999 -0.00066115388
0.99999999 -0.00014289443 9.3261937e-05 -0.0016441262 0.00014287634 0.99999997 0.00019391883 -0.0014351079 -9.3289645e-05 -0.0001939055 0.99999998 0.0032525012
0.99999998 0.00020070126 6.1543691e-06 0.0034674006 -0.00020070325 0.99999993 0.00032577108 2.9112226e-05 -6.0889859e-06 -0.00032577231 0.99999995 0.0062647719
0.99999996 0.00019914066 -0.00019342669 -0.0083642362 -0.00019916327 0.99999997 -0.00011690847 0.015885873 0.0001934034 0.00011694699 0.99999997 -0.0095449186
0.99999998 0.00012204722 -0.00018546196 0.00022811307 -0.00012200954 0.99999997 0.00020320193 0.00922695 0.00018548676 -0.00020317929 0.99999996 0.0018029286
0.99999999 -0.00014195017 -4.446456e-05 -0.006506864 0.00014195849 0.99999997 0.00018712238 -0.012899001 4.4437997e-05 -0.00018712869 0.99999998 0.0067746558
0.99999991 -0.00042031062 7.1119495e-06 0.0094617058 0.00042031017 0.99999991 6.2690426e-05 -0.014210419 -7.1382983e-06 -6.2687431e-05 1 -0.0025581777
0.99999994 -0.00026195121 0.00023345147 0.0072555813 0.0002619304 0.99999996 8.9184981e-05 -0.01706234 -0.00023347482 -8.9123827e-05 0.99999997 0.0070353185
0.99999996 -0.00027327318 -4.2677277e-06 -0.00083380256 0.00027327286 0.99999996 -7.6244836e-05 -0.01452066 4.2885632e-06 7.6243667e-05 1 0.00060436794
1 -2.7282619e-05 -9.1516448e-05 0.0028300544 2.7306379e-05 0.99999997 0.00025963304 -0.00027030216 9.1509362e-05 -0.00025963554 0.99999996 -0.0073423681
0.99999994 1.1165594e-05 -0.00033594257 -0.014566342 -1.118832e-05 1 -6.7648166e-05 -3.0614566e-06 0.00033594182 6.7651921e-05 0.99999994 -0.0075499316
0.99999995 0.00016245903 0.00026017558 0.014204714 -0.00016249928 0.99999997 0.0001547035 0.0083925901 -0.00026015044 -0.00015474577 0.99999995 0.0059388483
0.99999993 0.00034527608 0.00012962815 -0.0032219516 -0.0003452978 0.99999993 0.00016754068 0.018800505 -0.0001295703 -0.00016758543 0.99999998 0.0089660517
0.99999991 0.00029295105 -0.00029584329 -0.0026396714 -0.00029291669 0.99999995 0.00011616826 0.0076572204 0.00029587731 -0.00011608159 0.99999995 -0.0057281398
0.99999999 0.00012279868 -7.8591811e-05 0.00034938487 -0.00012281003 0.99999998 -0.00014444478 0.0065106615 7.8574072e-05 0.00014445443 0.99999999 -0.0022868755
0.99999998 -0.00017548704 8.478765e-07 0.0013942138 0.00017548709 0.99999998 -5.4298238e-05 -0.009050463 -8.3834785e-07 5.4298386e-05 1 0.0033604807
0.99999995 -0.00029646516 -0.00012414461 -0.0057176494 0.00029646078 0.99999996 -3.5284445e-05 -0.013760969 0.00012415506 3.5247639e-05 0.99999999 -0.0043714291
0.99999999 -4.7198849e-05 -9.9745941e-05 0.0057899542 4.7179458e-05 0.99999998 -0.00019440398 0.0012969169 9.9755115e-05 0.00019439928 0.99999998 -0.0022499865
0.99999999 0.00010640931 -0.0001082645 -0.0054690636 -0.00010639582 0.99999999 0.00012463661 0.0031875089 0.00010827776 -0.00012462509 0.99999999 -0.00042329751
1 -5.3017901e-05 -6.2055025e-05 0.00662984 5.3000676e-05 0.99999996 -0.00027754562 0.0014947527 6.2069737e-05 0.00027754233 0.99999996 0.0052899074
0.99999998 0.00021235191 -4.1540092e-05 -0.0020868495 -0.00021235022 0.99999998 4.0622057e-05 0.010414072 4.1548717e-05 -4.0613235e-05 1 -0.0034690455
0.99999993 0.00032760705 0.00015944436 -0.0024641514 -0.00032760786 0.99999995 5.0304027e-06 0.017959337 -0.00015944271 -5.0826376e-06 0.99999999 0.00016528205
0.99999988 0.00047293288 0.0001046353 -0.0032086636 -0.00047290937 0.99999986 -0.00022461657 0.017810819 -0.00010474152 0.00022456706 0.99999997 0.0042826087
0.99999999 -8.1209393e-05 -9.3233376e-05 -0.0039494575 8.1209309e-05 1 -8.9988586e-07 -0.0088717875 9.3233449e-05 8.9231443e-07 1 -0.0024637735
0.99999987 -0.00047783317 -0.00017302237 0.0070884367 0.00047783563 0.99999989 1.4173411e-05 -0.02220791 0.00017301558 -1.4256086e-05 0.99999998 0.0016571256
0.99999995 -0.00032423292 2.7991839e-05 0.00054863002 0.00032422705 0.99999993 0.00020971118 -0.011924679 -2.8059832e-05 -0.00020970209 0.99999998 -0.0054182659
0.99999999 -0.00012782249 -8.4066922e-05 -0.0012040552 0.00012783423 0.99999998 0.00013965009 -0.012407151 8.404907e-05 -0.00013966083 0.99999999 0.002335869
0.99999999 9.5992362e-05 -0.0001256362 -0.0026041077 -9.5993984e-05 1 -1.290765e-05 0.011959815 0.00012563496 1.291971e-05 0.99999999 -0.0023781682
0.99999995 0.00032100365 5.8213791e-05 0.010952137 -0.00032099467 0.99999994 -0.00015406105 0.0055388241 -5.8263242e-05 0.00015404236 0.99999999 -0.0026721598
1 -2.5301048e-05 -6.9479078e-05 -0.0041091405 2.5303063e-05 1 2.8990995e-05 -0.00063267697 6.9478345e-05 -2.8992753e-05 1 0.007546253
1 -4.8305942e-05 2.5442606e-05 0.005205136 4.8302347e-05 0.99999999 0.00014125726 0.0032913886 -2.544943e-05 -0.00014125603 0.99999999 -0.003483081
1 3.445921e-05 -6.8663487e-05 -0.0029202471 -3.4455861e-05 1 4.876529e-05 0.0020407182 6.8665168e-05 -4.8762924e-05 1 -0.00038604029
0.99999999 0.00013656573 1.9120169e-05 -0.0027914356 -0.00013656509 0.99999999 -3.3488914e-05 0.011933397 -1.9124742e-05 3.3486302e-05 1 0.003449226
0.99999998 1.44753e-05 -0.00017404025 -0.004237045 -1.4477517e-05 1 -1.2741515e-05 0.00016783245 0.00017404006 1.2744035e-05 0.99999998 -0.0072014006
0.99999999 -3.4199925e-05 -0.00013718647 0.0073587839 3.4186091e-05 0.99999999 -0.00010084133 0.0058352769 0.00013718992 0.00010083664 0.99999999 -0.0035529567
0.99999997 -6.4506368e-05 0.00024234292 -0.0029830585 6.4534279e-05 0.99999999 -0.00011516691 -0.0056728848 -0.00024233548 0.00011518254 0.99999996 0.010501627
0.99999996 0.0001669016 0.00021802581 0.0029763129 -0.00016688021 0.99999998 -9.8112455e-05 0.0053303309 -0.00021804218 9.8076067e-05 0.99999997 0.0013297367
0.99999999 7.8297723e-05 0.0001371387 -0.0036766342 -7.8309937e-05 0.99999999 8.9060813e-05 0.0065656147 -0.00013713173 -8.9071551e-05 0.99999999 0.0037557001
0.99999996 0.00024141931 -0.00015517397 -0.0078222094 -0.00024142283 0.99999997 -2.2674897e-05 0.0029265248 0.00015516849 2.2712359e-05 0.99999999 -0.010310108
0.99999993 -0.00037169156 4.0179378e-05 0.010840893 0.00037168912 0.99999993 6.0778484e-05 -0.0066079146 -4.0201966e-05 -6.0763545e-05 1 0.0042293751
0.99999998 -0.00017782681 -3.5841055e-05 -0.0091663766 0.000177831 0.99999998 0.00011682238 -0.0096625286 3.582028e-05 -0.00011682875 0.99999999 -0.0029834716
0.99999995 -0.00021906777 0.00022731501 0.010780544 0.00021901493 0.99999995 0.00023244358 -0.018774432 -0.00022736592 -0.00023239378 0.99999995 0.012686965
0.99999997 -0.00015736665 -0.0001965369 -0.0025200015 0.00015736595 0.99999999 -3.5869627e-06 -0.0086340587 0.00019653746 3.5560343e-06 0.99999998 -0.01178724
0.99999996 -0.00026285031 0.00010750149 0.0018520221 0.00026284186 0.99999996 7.8688016e-05 0.00015921213 -0.00010752217 -7.8659757e-05 0.99999999 0.0070323237
0.99999986 0.00051329022 -8.6457802e-05 -0.0077609446 -0.00051330042 0.99999986 -0.00011800676 0.016247848 8.6397218e-05 0.00011805113 0.99999999 -0.0054535095
0.99999998 0.00016488596 -5.8745415e-05 0.0038647673 -0.00016488577 0.99999999 3.2030441e-06 0.007162999 5.8745942e-05 -3.1933578e-06 1 -0.0051462346
0.99999997 -0.00016635384 0.00016938942 0.00069583527 0.00016634901 0.99999999 2.8520192e-05 -0.00068084701 -0.00016939416 -2.8492013e-05 0.99999999 0.0041180486
1 7.1406916e-05 1.2930757e-05 0.0040817151 -7.1408652e-05 0.99999999 0.00013426699 -0.010057102 -1.2921169e-05 -0.00013426792 0.99999999 0.0033305907
0.99999999 -0.00011700213 3.5131247e-05 -0.014756467 0.00011700485 0.99999999 -7.7451308e-05 -0.0022603106 -3.5122184e-05 7.7455418e-05 1 -0.0029550928
0.99999998 0.00017849608 0.00013370389 0.017618988 -0.00017847792 0.99999997 -0.0001357936 0.0066920774 -0.00013372813 0.00013576973 0.99999998 -0.0051548324
0.99999998 -1.4376751e-05 -0.00017886038 -0.0104493 1.4420463e-05 0.99999997 0.00024439003 0.0056510555 0.00017885686 -0.00024439261 0.99999995 0.0011151053
0.99999991 0.00031204094 0.00027785944 -0.013094294 -0.00031201448 0.99999995 -9.5264551e-05 0.0073062435 -0.00027788915 9.5177846e-05 0.99999996 0.0072655832
0.99999999 -6.0191177e-05 -0.00010141396 0.017803315 6.0201227e-05 0.99999999 9.9099295e-05 -0.0052120028 0.00010140799 -9.9105399e-05 0.99999999 -0.0020977391
0.99999996 -0.00021312394 -0.00018914372 -0.012774462 0.00021309313 0.99999996 -0.0001628856 -0.0011909032 0.00018917842 0.00016284529 0.99999997 -0.0043021575
1 -8.07932e-05 -4.2093481e-05 -0.0072773613 8.080156e-05 0.99999998 0.00019864028 -0.0090702813 4.2077431e-05 -0.00019864368 0.99999998 0.0030105024
0.99999998 4.2815657e-05 -0.00021901269 0.00597333 -4.2786123e-05 0.99999999 0.00013485397 0.0075565038 0.00021901846 -0.00013484459 0.99999997 -0.011480188
0.99999961 5.3220731e-05 -0.00088435438 0.0025662516 -5.249394e-05 0.99999966 0.00082183456 -0.0029745061 0.00088439782 -0.00082178781 0.99999927 -0.034584858
0.99999855 -0.00032225908 -0.0016741724 -0.02524551 0.0003242451 0.99999924 0.0011861327 -0.019144258 0.0016737889 -0.0011866739 0.9999979 -0.062162423
0.99999671 -0.00050800963 -0.0025137931 -0.01588882 0.000507253 0.99999983 -0.00030162112 -0.017315305 0.0025139459 0.00030034499 0.99999679 -0.11951617
0.99999979 -0.00028534369 -0.00058084375 -0.0079776808 0.00028558275 0.99999987 0.00041153693 -0.0085408382 0.00058072625 -0.00041170273 0.99999975 -0.02760717
0.99999908 6.559883e-05 -0.0013579927 -0.028991676 -6.4883122e-05 0.99999986 0.00052707083 -0.015136593 0.0013580271 -0.00052698223 0.99999894 -0.051350405
0.99999896 -0.00011316723 -0.0014392528 -0.027751506 0.00011513352 0.99999906 0.0013661831 0.010148753 0.0014390968 -0.0013663474 0.99999803 -0.057619586
0.99999888 0.00033189929 -0.00146264 -0.028173178 -0.0003314731 0.9999999 0.00029161635 0.023222111 0.0014627366 -0.0002911312 0.99999889 -0.058244661
0.99999994 -0.00011304652 0.00032541143 -0.030114499 0.00011282658 0.99999977 0.00067583403 0.0060670947 -0.00032548776 -0.00067579727 0.99999972 0.0099745003
0.99999952 -0.00036680281 -0.00091212765 -0.015637011 0.00036665667 0.99999992 -0.00016037575 -0.004990168 0.0009121864 0.00016004123 0.99999957 -0.042015805
0.99999968 -0.00036175596 -0.00070733393 -0.037206089 0.00036148831 0.99999986 -0.00037847526 -0.0025647505 0.00070747075 0.00037821945 0.99999968 -0.0222307
0.99999996 -0.00010468336 -0.00028011491 -0.017192211 0.00010470319 0.99999999 7.0774043e-05 0.013983615 0.0002801075 -7.0803369e-05 0.99999996 -0.011408869
0.99999998 -5.988642e-05 -0.00021443427 -0.026239101 5.9851561e-05 0.99999998 -0.00016256741 0.0093332261 0.000214444 0.00016255457 0.99999996 -0.0065180201
0.99999996 0.00021592802 -0.00016023978 -0.039048365 -0.0002159188 0.99999998 5.7541093e-05 0.031259091 0.0001602522 -5.7506492e-05 0.99999999 -0.0087981665
0.99999981 0.00017025569 -0.00058456942 -0.031369878 -0.00017015536 0.99999997 0.00017168049 0.030990323 0.00058459863 -0.00017158099 0.99999981 -0.010500386
0.99999996 -0.00018258149 0.0002240713 -0.0071063427 0.00018251467 0.99999994 0.00029818913 0.013047444 -0.00022412573 -0.00029814822 0.99999993 0.0162878
0.99999994 -0.00031573272 -0.00012650067 -0.022463155 0.00031570711 0.99999993 -0.00020245925 0.016874119 0.00012656458 0.00020241931 0.99999997 -0.014576579
0.99999997 -9.0257434e-05 -0.00022006212 -0.045263286 9.0422058e-05 0.99999972 0.00074818468 0.018422333 0.00021999453 -0.00074820456 0.9999997 -0.010108553
0.99999965 0.00022283666 -0.0008076646 -0.035870158 -0.00022267527 0.99999996 0.00019991064 0.039054736 0.00080770911 -0.00019973072 0.99999965 -0.02170909
0.99999998 8.3427235e-05 -0.00015642401 -0.020216545 -8.3372486e-05 0.99999994 0.00034997974 0.031364026 0.0001564532 -0.00034996669 0.99999993 -0.0016823054
0.99999854 3.2153429e-05 -0.0017088119 -0.037773541 -3.1379788e-05 0.9999999 0.00045276109 0.029492789 0.0017088263 -0.00045270681 0.99999844 -0.049340521
0.99999854 -0.0005647506 0.0016157061 0.0041273281 0.00056601403 0.99999953 -0.00078161473 0.021193829 -0.0016152639 0.0007825281 0.99999839 0.090948663
0.99999756 -0.00086926954 0.0020317086 0.02096062 0.00087218021 0.99999859 -0.0014321746 -0.0002018414 -0.0020304608 0.0014339432 0.99999691 0.10378973
0.99999615 -0.000645504 0.0027002754 -0.033890021 0.00064974167 0.99999856 -0.0015687616 0.020012832 -0.0026992589 0.00157051 0.99999512 0.1009711
0.99999931 -0.00039181137 0.0011053346 -0.0027919482 0.00039271795 0.99999959 -0.00082008845 0.013907642 -0.0011050128 0.00082052197 0.99999905 0.041002181
0.99999978 -0.00053150257 0.00040848521 -0.018456196 0.00053150271 0.99999986 -2.3633181e-07 0.024080845 -0.00040848502 4.5344275e-07 0.99999992 0.01147074
0.99999984 -0.0002618646 -0.00050482467 -0.025131011 0.00026163647 0.99999986 -0.00045191358 0.030161913 0.00050494294 0.00045178143 0.99999977 -0.012519134
0.99999792 -0.00040579415 -0.0019987206 -0.019372574 0.00040641926 0.99999987 0.00031235856 0.019137762 0.0019985936 -0.00031317023 0.99999795 -0.059566927
0.99999597 -0.0007870036 -0.0027279924 -0.046397865 0.00078775197 0.99999965 0.00027326846 0.020997545 0.0027277764 -0.00027541634 0.99999624 -0.10060279
0.99999854 -0.00056341083 -0.0016142095 -0.02526966 0.00056469832 0.99999952 0.00079725322 0.0034114554 0.0016137595 -0.00079816359 0.99999838 -0.039906064
0.99999942 -0.0010675868 -0.00016253871 -0.036720359 0.0010676344 0.99999939 0.00029312404 0.01026663 0.00016222568 -0.0002932974 0.99999994 -0.012477404
0.99999917 -0.001196165 -0.00048650466 -0.0038281466 0.0011967154 0.99999864 0.0011325169 0.021340013 0.00048514932 -0.0011330982 0.99999924 0.017067395
0.99999901 -0.0011456745 -0.00082145076 -0.035483193 0.0011448601 0.99999885 -0.00099113179 0.016106378 0.00082258533 0.00099019036 0.99999917 -0.01426236
0.99999892 -0.0014608133 -0.00015385138 0.0080532619 0.001460564 0.99999764 -0.0016080002 -0.011103777 0.0001562 0.0016077738 0.9999987 0.027227117
0.9999946 -0.0018846245 0.0026936031 0.050082282 0.0018885873 0.99999714 -0.0014694025 0.0081224394 -0.0026908261 0.0014744817 0.99999529 0.11108287
0.99999272 -0.0011835007 0.0036283729 0.053966415 0.0011820267 0.99999922 0.00040837894 0.042031482 -0.0036288534 -0.00040408713 0.99999333 0.14197837
0.99999619 -0.0002784865 0.002744812 -0.020920873 0.00027248386 0.99999757 0.0021870331 0.055152655 -0.0027454144 -0.0021862768 0.99999384 0.086383719
0.99999965 -0.00035281043 -0.00076114002 -0.037360329 0.00035277389 0.99999994 -4.8139665e-05 0.041717339 0.00076115696 4.7871137e-05 0.99999971 -0.030654103
0.99999944 0.00020837855 0.001039148 0.004423186 -0.0002082535 0.99999997 -0.0001204431 0.078499159 -0.0010391731 0.00012022663 0.99999945 -0.0049219906
0.99999991 0.00041215702 -6.9834666e-05 -0.010040964 -0.0004121123 0.99999971 0.00063924212 0.065955844 7.0098114e-05 -0.00063921328 0.99999979 0.02571313
0.99999963 0.00010336156 0.00085388133 -0.019037241 -0.00010333917 0.99999999 -2.6266136e-05 0.064064746 -0.00085388404 2.6177887e-05 0.99999964 0.03851649
0.99999994 -0.00017362253 0.00030950896 0.0048708561 0.00017391958 0.99999952 -0.0009599787 0.04773564 -0.00030934214 0.00096003247 0.99999949 -0.035357164
0.99999981 -0.00030511098 0.00054325099 -0.0083792789 0.0003047652 0.99999975 0.00063648187 0.0513604 -0.00054344505 -0.00063631618 0.99999965 -0.012647037
0.99999782 -3.7874599e-05 -0.0020868815 -0.011683602 3.6044862e-05 0.99999961 -0.00087681142 0.057362475 0.0020869139 0.00087673428 0.99999744 -0.012211529
0.99999383 -0.00054775532 0.0034694497 0.0066755353 0.00055990846 0.99999371 -0.0035028987 0.026400518 -0.0034675091 0.0035048197 0.99998785 0.048612693
0.99999939 0.00053315044 0.00096975553 -0.027654024 -0.00053587514 0.9999959 0.0028115895 0.091598108 -0.00096825256 -0.0028121074 0.99999558 0.014987471
0.99999989 0.00022501211 -0.00040602244 -0.041194998 -0.00022434513 0.99999863 0.0016420131 0.070643967 0.00040639135 -0.0016419218 0.99999857 0.00031014609
0.99999816 -0.00032151136 -0.0018894152 -0.032564027 0.0003279811 0.99999408 0.00342489 0.065959743 0.0018883028 -0.0034255034 0.99999235 0.015007244
0.99999674 0.00044743803 -0.0025144201 -0.029364567 -0.00044805541 0.99999987 -0.00024497677 0.055135079 0.0025143102 0.00024610257 0.99999681 -0.040824944
0.99999972 0.00016284258 -0.00072576173 -0.021178288 -0.00016415763 0.99999834 -0.0018122667 0.05930509 0.00072546542 0.0018123854 0.99999809 0.0039226915
0.99999722 -0.00053659403 0.0022964861 -0.00094962048 0.00053463973 0.99999949 0.00085152434 0.04866156 -0.0022969419 -0.00085029418 0.999997 0.036282425
0.99999993 -0.00024332066 0.00030122208 -0.027690792 0.00024283216 0.99999866 0.0016207074 0.076871194 -0.00030161603 -0.0016206341 0.99999864 0.016744449
0.99999589 -0.00068140573 0.0027833461 -0.015145732 0.00068174566 0.99999976 -0.0001211817 0.073133222 -0.0027832629 0.00012307874 0.99999612 0.098265364
0.99999992 0.00019306173 -0.00035167641 0.0037343992 -0.00019317803 0.99999993 -0.0003307007 0.067603957 0.00035161254 0.00033076861 0.99999988 0.012373726
0.99999294 -0.00017703572 -0.0037544709 -0.012237698 0.00017802628 0.99999995 0.00026350469 0.053802463 0.0037544241 -0.00026417123 0.99999292 -0.086461539
0.99998853 -0.00016136065 -0.00478787 -0.068979779 0.00016642638 0.99999943 0.0010576546 0.056451615 0.0047876966 -0.0010584393 0.99998798 -0.086966283
0.99999579 -0.00049094822 -0.0028601035 -0.035319063 0.00049319191 0.99999957 0.00078382428 0.059988939 0.0028597175 -0.00078523156 0.9999956 -0.037302338
0.99999804 0.00081391102 -0.0018050814 -0.049706279 -0.00081719226 0.99999801 -0.001817788 0.081426725 0.0018035983 0.0018192596 0.99999672 -0.0075210131
0.99999623 0.00019142544 0.0027382502 -0.022942702 -0.00018492327 0.99999716 -0.0023746281 0.084531271 -0.002738697 0.0023741128 0.99999343 0.078283817
0.99999827 0.00084830126 0.0016568366 -0.024691513 -0.00084510644 0.99999778 -0.0019280098 0.10924619 -0.0016584685 0.0019266062 0.99999677 0.024393601
0.99999726 2.862593e-05 0.0023428896 -0.022521961 -2.6090867e-05 0.99999941 -0.0010820476 0.066673994 -0.0023429192 0.0010819835 0.99999667 0.049890895
0.99999388 -0.00042080669 0.003471813 0.0065723711 0.00041939234 0.99999983 0.00040810029 0.084462728 -0.0034719841 -0.00040664174 0.99999389 0.066211564
0.99999941 -0.0008531655 -0.00067887651 -0.019218832 0.00085369769 0.99999933 0.00078401946 0.062797247 0.00067820716 -0.00078459855 0.99999946 -0.0061930834
0.99999985 -0.00054180659 -2.9475865e-05 0.0029132875 0.00054179304 0.99999975 -0.00045793031 0.06024634 2.9723967e-05 0.00045791427 0.99999989 0.010846506
0.99997353 0.0004733975 -0.0072608894 0.74104387 -0.00048018564 0.99999945 -0.00093317502 0.17561173 0.0072604436 0.00093663689 0.9999732 -0.098790932
0.99999778 -0.0018508451 -0.0010036868 0.054987779 0.0018514046 0.99999813 0.00055682434 0.053328699 0.0010026544 -0.00055868134 0.99999934 0.057196152
0.9999937 0.0010187031 -0.0033994288 -0.072008161 -0.0010205051 0.99999934 -0.00052840526 0.090646403 0.0033988883 0.00053187107 0.99999408 -0.042772332
0.99999968 0.00016027437 0.00078393428 0.016220449 -0.00015895982 0.99999858 -0.0016766286 0.065170848 -0.00078420189 0.0016765035 0.99999829 0.035986744
0.99999866 -0.00026722352 -0.0016156839 -0.0016022383 0.00026358735 0.99999743 -0.0022503384 0.092813302 0.0016162811 0.0022499095 0.99999616 -0.027231921
0.99999908 0.00043507534 -0.001288099 -0.03746285 -0.00043618705 0.99999953 -0.00086290779 0.082221328 0.0012877229 0.00086346885 0.9999988 0.023330875
0.99999907 0.0011234172 -0.00076757088 -0.044043318 -0.0011233883 0.99999937 3.799219e-05 0.11178554 0.00076761308 -3.7129874e-05 0.9999997 0.014047287
0.99999743 0.00038451095 0.0022348347 0.0013176235 -0.00038421611 0.99999992 -0.00013235728 0.094435543 -0.0022348854 0.00013149828 0.99999749 0.017499926
0.99999826 -0.00068498879 0.0017359787 0.0086629596 0.00068547572 0.99999973 -0.00027991312 0.12006628 -0.0017357865 0.00028110261 0.99999845 0.056181127
0.99999758 -0.001399278 -0.0016949597 0.0030559969 0.0014022195 0.99999751 0.0017354402 0.069438192 0.0016925271 -0.0017378127 0.99999706 0.0075125691
0.99997154 -0.00040726786 -0.0075339617 -0.020861064 0.00041639069 0.99999918 0.0012093654 0.10832689 0.007533463 -0.001212468 0.99997089 -0.016809822
0.99999923 -0.0010326256 -0.00068176408 -0.035824186 0.0010341762 0.99999687 0.0022778545 0.077987873 0.00067940978 -0.0022785578 0.99999717 0.016865593
0.99998799 -0.00011345175 0.0048993382 0.035064606 0.00013287426 0.99999213 -0.003964169 0.13226912 -0.0048988499 0.0039647723 0.99998014 0.056115566
0.99997825 -0.00024622899 0.0065903482 0.00031612577 0.00026349446 0.99999654 -0.0026190712 0.10675532 -0.0065896804 0.0026207508 0.99997485 0.050580072
0.99999094 -0.00034278629 0.0042426583 0.018819106 0.00035094734 0.99999809 -0.0019229764 0.12263884 -0.004241991 0.0019244479 0.99998915 -0.0050231046
0.99999974 -0.00040645823 -0.00060176295 0.00096704119 0.00040713251 0.99999929 0.0011208127 0.12658044 0.00060130696 -0.0011210574 0.99999919 0.023228999
0.99999918 -0.0011479673 0.00057280753 -0.067695808 0.0011468878 0.99999757 0.0018813976 0.11537918 -0.00057496592 -0.0018807391 0.99999807 0.022278375
0.99999739 -0.0013021104 0.0018750709 -0.085496044 0.0013019984 0.99999915 6.0982676e-05 0.086385643 -0.0018751488 -5.8541178e-05 0.99999824 0.0077044699
0.99999853 0.0013181262 0.0010961327 -0.046923936 -0.0013176646 0.99999904 -0.00042177883 0.16338956 -0.0010966876 0.00042033388 0.99999931 -0.0034638734
0.99999371 0.00070820866 0.0034753949 0.00070066872 -0.00070594324 0.99999954 -0.00065302709 0.08697388 -0.0034758558 0.00065056955 0.99999375 -0.016925768
0.9999968 -0.0016038255 0.0019581999 0.030949256 0.0016059088 0.99999815 -0.001062735 0.12796663 -0.0019564918 0.0010658763 0.99999752 -0.018481968
0.99999286 -0.0037496058 0.00046439844 0.11172209 0.0037490059 0.99999215 0.0012860178 0.12731324 -0.00046921685 -0.0012842676 0.99999907 0.022306879
0.99999856 0.00158231 0.000607018 -0.066088162 -0.0015825092 0.99999869 0.0003277959 0.11725771 -0.00060649853 -0.00032875604 0.99999976 0.010368859
0.99999979 -0.00041739839 0.00048935746 -0.032475268 0.00041729598 0.99999989 0.00020937177 0.12651876 -0.0004894448 -0.00020916752 0.99999986 0.015007553
0.99999892 0.0014724215 -1.9691882e-05 -0.038543846 -0.0014723976 0.99999824 0.0011634008 0.094751517 2.1404864e-05 -0.0011633706 0.99999932 0.013257976
0.99999958 -0.00083651434 0.00036710163 0.03677777 0.00083647063 0.99999964 0.00011921682 0.1356748 -0.00036720123 -0.00011890971 0.99999993 -0.00081406902
0.99999901 -0.0013895969 0.00022497568 -0.014902165 0.0013894519 0.99999883 0.00064321811 0.17367727 -0.00022586923 -0.00064290488 0.99999977 0.01461156
0.99999958 -0.00090782343 8.0652372e-05 0.03944535 0.00090787405 0.99999939 -0.0006298503 0.12849761 -8.008053e-05 0.00062992326 0.9999998 -0.0069450423
