25.170906 0 0 0
15.13978 0.278584 1.036515 0.00015599999
17.443085 0.46595702 4.6534266 0.000222
15.589456 0.29173902 0.54704601 0.00021100001
27.835508 0.27680498 0.28253901 0.00016
23.351517 0.30857798 0.356417 0.00017399999
18.469788 0.238564 0.47828001 0.000165
22.822985 0.30230299 0.53204995 0.00018500001
20.699942 0.23944201 0.48292899 0.000214
25.307167 0.38476801 1.449335 0.00017000001
25.033739 0.351702 0.457618 0.000218
32.10223 0.257402 0.376706 0.000139
23.39234 0.33291799 0.49039403 0.00028799998
23.788536 0.36697102 0.54045802 0.000176
22.384085 0.31680501 0.502074 0.00016600001
28.454895 0.304571 0.60014999 0.000218
27.128897 0.40806201 0.55071098 0.00016699999
22.625084 0.37818998 0.432129 0.00016299999
28.667294 0.505862 0.57091999 0.00016299999
24.367592 0.348113 0.94653398 0.00017499999
24.617592 0.45467201 0.46679199 0.000187
23.159578 0.33984601 0.48385102 0.000226
23.986977 0.35464001 0.70635396 0.000199
28.805128 0.37629399 0.67573404 0.000179
30.770985 0.49388501 1.5722381 0.000161
27.558889 0.56028402 0.88235605 0.00062399998
25.092804 0.415741 0.51508796 0.00018
25.055244 0.45044601 0.48720101 0.00056099996
26.061495 0.41683999 1.227658 1.827229
25.980684 0.39148602 0.63724101 0.00018100001
33.09005 0.405828 0.95696896 0.000136
25.93902 0.421305 2.5959051 0.00015599999
28.818689 0.51030999 1.437019 0.000283
28.229126 0.42480698 1.730183 0.00027799999
30.844505 0.51926899 1.778414 0.00018100001
29.596159 0.34676999 1.530849 0.000153
29.426058 0.50721997 1.740134 0.00015800001
27.637999 0.341333 1.901165 0.00015599999
28.094265 0.430549 1.9443251 0.000222
29.407433 0.53578299 1.9528099 0.000161
29.654633 0.500027 2.1806381 0.00021500001
39.461578 0.55697697 1.794561 0.00061399996
30.276312 0.43125501 1.859391 0.00016900001
35.118088 0.737607 13.392745 0.000183
30.642597 0.40650302 1.9213361 0.000208
31.633568 0.69219702 4.2118368 0.00022099999
33.672642 0.73521703 3.965117 0.000237
31.585489 0.78129196 2.1673551 0.00026100001
31.329832 0.57265097 2.2802382 0.00015599999
35.873985 0.84057599 3.0535991 0.000239
29.930637 0.95624804 2.4670992 0.00020900001
29.195446 0.91113299 2.70928 0.00017799999
34.585438 0.92097998 4.2693892 0.000229
37.007652 0.65521502 2.455564 0.00021699999
31.10067 1.147409 3.3775449 0.00023200001
27.476372 0.90820098 3.7060671 0.00028499999
29.560492 1.107106 3.801775 0.00019799999
35.809502 1.319602 3.333704 0.000165
29.295664 1.09017 3.646414 0.000271
28.266596 1.218846 3.6076632 0.000189
27.61842 1.1263679 3.823715 0.000227
31.715729 1.246623 4.1908798 0.00022999999
30.039635 1.040941 3.9332309 0.000165
30.538897 1.785502 4.434669 0.00022099999
29.905916 1.292362 4.1374288 0.001112
28.201342 1.403977 5.5688882 0.00016699999
32.317272 1.460943 4.696425 0.00023200001
28.081984 2.4049261 4.5915313 0.000216
34.046825 2.1230459 4.794704 0.00021699999
28.834808 1.422367 5.279645 0.00025400001
35.728848 2.2124102 6.2494006 0.000229
27.681091 2.258244 5.5396528 0.000271
28.466921 1.515336 5.4414978 0.00025300001
27.726675 2.085345 7.4254289 0.00026599999
31.897385 1.7996601 6.07792 0.00023999999
32.281204 2.0196588 8.5513325 0.00016600001
28.854755 1.812439 5.4103837 0.00029299999
32.718826 2.4443469 5.3758221 0.000224
29.675537 1.986094 6.5665169 0.000155
29.541271 3.8769541 8.369813 0.00062900002
27.189367 2.3934619 6.1768193 0.000264
42.77808 2.796077 15.711837 0.00025499999
36.371006 3.1059659 14.59348 0.000222
29.58639 1.7993239 8.8941669 0.00022
29.151648 2.4465351 9.9746618 0.000214
28.643209 2.487571 6.3817677 0.00028400001
28.218866 2.398814 6.850491 0.00023200001
28.611679 2.771214 8.4986095 0.00016699999
42.765011 2.3499441 6.7302761 0.00023799999
28.413622 2.3982978 7.8230362 0.000222
30.080173 2.952635 8.3861313 0.000268
31.106293 1.7138109 7.3357124 0.000283
29.15237 2.7785158 6.9059258 0.00099299999
29.711735 2.3081541 6.1674943 0.000233
28.774611 2.6924632 6.9596949 0.000271
38.007797 1.542399 6.166934 0.000229
28.870771 2.2519109 5.396347 0.00021
29.587952 1.9532989 7.7038841 0.000223
28.223948 2.9854391 6.824585 0.00062999997
32.632183 3.115402 6.662456 0.00021899999
27.572968 2.0349588 7.2274618 0.000306
27.826113 2.6448259 6.9624662 0.000229
28.06534 2.209765 8.3008051 0.00022
31.754177 2.517946 8.0677404 0.000224
35.53017 2.3324389 6.8996434 0.00016699999
28.456047 2.3914101 7.0320401 0.000208
28.826906 2.718708 8.1223774 0.00051599997
34.687431 2.833786 6.7867451 0.000191
31.258446 2.7304201 7.2501502 0.00024100002
30.388027 2.460125 8.3057222 0.00024600001
29.302614 2.081425 7.3954778 9.1910362
28.919556 5.2355943 8.6351032 0.049452998
29.998226 2.8879461 6.887476 0.00031999999
29.583076 2.8714161 8.4100199 0.00022
29.942558 2.888191 7.7884727 0.000237
29.965155 2.8635018 7.1475763 0.00029599998
37.006184 4.1061482 11.842813 0.000225
28.963316 2.8551052 7.5603671 0.00030000001
29.107613 3.1683681 6.7605171 0.000222
28.258894 3.042846 6.7449841 0.000298
31.704109 2.6840301 7.5844512 0.00022099999
29.769566 2.521389 6.8921533 0.00024199999
30.759718 2.1717498 7.0008388 0.000218
27.300238 2.683888 7.7713003 0.00031
35.474384 2.216949 7.5765986 0.000226
29.028206 2.8038151 7.6619339 0.000153
27.442486 2.9857671 8.485611 0.00023999999
33.266914 6.10432 7.208168 0.000201
28.351892 1.925913 6.9594879 0.000287
30.354057 2.576797 9.0986452 0.00022
29.352757 2.875932 7.2203231 0.00020000001
27.305696 2.741569 5.6771269 0.000165
29.734259 3.233557 6.763515 0.00023200001
27.133615 2.8895361 7.5056643 0.000223
44.946972 2.619734 6.1220636 0.00024199999
27.521217 2.9196782 6.8984861 0.00028799998
25.801163 2.2527421 7.8111362 0.000228
27.648724 1.7476101 5.2720647 0.00021
28.45414 3.1154108 6.7643762 0.000161
29.859289 2.4565101 7.4080629 0.000233
26.263504 2.4621091 5.9568281 0.000216
29.993238 3.1786611 9.0093126 0.00028000001
28.676672 3.0647562 6.3742051 0.000224
28.19817 1.668345 4.7029181 0.000271
26.924549 2.6934199 7.4241691 0.000279
26.749044 3.1489241 6.6317277 0.00021899999
29.908661 3.8321109 8.9892273 0.00023200001
27.385891 1.648754 6.717422 0.00021100001
29.055988 2.511807 6.9311881 0.00024100002
27.516764 2.7839699 8.218709 0.000291
31.400337 2.261832 7.066503 0.000204
32.993664 3.236079 7.1693821 0.00028400001
27.36771 2.284152 7.1776953 0.00023200001
36.839558 2.3106029 8.2823887 0.00024400001
28.913721 2.417989 9.1499691 0.000218
31.532433 3.5593269 6.7458076 0.000249
30.644697 2.500464 7.4013801 0.00026500001
29.310606 2.6844499 7.6292582 0.00028000001
32.211452 5.5308414 8.2817039 0.0026570002
32.879265 3.767339 6.8350768 0.00024699999
36.188988 2.5022471 14.347475 0.000216
31.165697 2.717124 7.2824421 0.00021699999
36.418228 2.6982951 7.4718189 0.00025799999
29.326622 3.7010109 7.2986479 0.000222
32.334179 2.9473779 8.0682697 0.00025099999
29.193022 2.521517 7.4987812 0.00023999999
28.32733 2.5740829 7.9830298 0.000283
36.812252 2.8608861 11.208954 0.000223
29.554312 2.828537 6.626143 0.000228
39.020283 2.700371 10.876989 0.000214
27.997902 2.3330131 7.9683661 0.000235
28.228878 2.8653581 9.9928312 0.00022
27.574083 2.805378 7.9862585 0.00031100001
28.371199 2.5213192 9.8127241 0.000233
29.640709 3.5982289 8.6687021 0.000231
28.758137 2.682986 6.1622438 0.000199
54.577221 2.5961769 12.066024 0.000271
28.005836 3.4109409 7.0992184 0.000267
30.650293 2.7407689 9.007638 0.000249
28.029467 2.3624642 7.0699072 0.000225
29.372198 2.6401901 9.2265062 0.00022999999
33.019444 2.5836098 8.4473124 0.000227
27.717245 2.6942091 7.742815 0.00029700002
31.738892 3.09162 8.2294092 0.00020000001
31.667221 3.5871749 6.7456641 0.000199
31.358864 2.2551951 6.831656 0.00014799999
29.435326 2.7064412 8.5652857 0.000223
29.454739 2.6606488 6.9722056 0.000226
31.628569 2.68769 6.8582721 0.00021
27.056448 3.373044 7.3562989 0.0010889999
27.557354 4.4609971 6.5438142 0.000225
27.595934 2.7002311 7.4835548 0.00023399999
28.947994 2.9837279 7.0530829 0.00023999999
31.141836 3.248879 19.672092 0.00021300001
28.512827 3.653111 6.880506 0.00021100001
28.807762 3.0471501 26.190718 0.000228
28.129551 2.523483 7.4178619 0.000231
29.345198 2.6656358 8.7746439 0.000287
29.211807 2.3028419 7.464745 0.000223
27.02516 2.3930719 7.3439889 0.000229
34.568314 2.715827 6.922267 0.00026500001
28.668991 2.4537351 6.8992319 0.000229
32.759331 3.8144321 8.0099802 0.000226
27.617411 3.2445011 9.5025225 0.000235
29.409319 2.615427 8.3335094 0.000229
28.192171 2.5673459 7.263495 0.00024699999
28.448494 3.110122 7.079308 0.00024100002
30.759008 3.1939318 7.3018041 0.000298
27.534418 2.9327111 7.3725486 0.00028100002
30.897331 4.1064577 8.0890455 0.00022999999
27.040306 2.5716941 7.70157 0.000256
30.140537 2.9842391 12.178594 0.000231
27.313236 4.0451789 6.807776 0.00021
29.432013 2.534143 9.5719881 0.000222
29.368971 2.681952 9.0258217 0.00057099998
31.642788 1.5728 6.47614 0.000222
30.455788 3.440871 7.3893342 0.00025899999
27.564735 1.670061 7.4698391 0.00022
27.462912 2.8870251 7.6925941 0.000223
34.552681 3.166328 6.5764737 0.00026
31.951435 2.7306259 8.6475229 0.00022
34.924107 2.705497 7.2355371 0.00025000001
29.959703 2.946723 7.7608671 0.000229
28.170309 2.5648322 12.030382 0.000224
28.446377 3.6074231 8.6188269 0.00022999999
27.873568 2.93434 6.724051 0.000184
39.576908 10.730798 19.498304 0.000272
26.94482 2.780067 7.7560678 0.00029599998
43.40731 2.5298932 20.247868 0.00044899998
28.653847 2.2625611 7.6851902 0.00021
35.516743 4.618763 26.547749 0.00021699999
27.216106 1.6827379 6.311265 0.000212
27.450109 2.5762751 7.0967889 0.000223
32.174191 2.9466228 9.4445057 0.00026299999
27.206205 2.9670532 6.484169 0.00024100002
30.697889 2.2084599 9.3164101 0.000223
28.861788 3.182539 7.9924364 0.00025799999
33.146694 2.8591981 8.4965076 0.00021500001
27.421074 1.6236989 8.5888433 0.00027300001
27.728266 5.48524 7.801681 0.000264
32.414093 2.4228911 7.3127489 0.000218
30.220392 2.588661 8.3707809 0.000216
29.037849 2.791193 8.9744968 0.000235
28.839239 1.609031 6.388967 0.00022099999
27.950066 2.857234 8.8907804 0.00030000001
31.286333 2.7830689 9.1365757 0.000223
31.978092 2.497613 7.1206341 0.00021699999
32.210751 2.592396 8.5590715 0.000227
27.335115 2.9716899 7.9690042 0.000497
30.544764 2.3443341 8.4754343 0.00022999999
31.579029 2.180768 7.7226067 0.000179
29.478626 2.6811211 9.1244011 0.00021899999
31.311945 3.6291211 7.7729673 0.000229
29.157217 3.2131948 7.7039561 0.00016
27.624792 2.7613561 7.9668221 0.000256
29.98855 2.6922331 9.9219637 0.00023600001
26.914038 2.3694682 5.9519672 0.00023200001
47.632023 2.4270101 7.4030552 0.00024199999
26.849752 2.5713899 7.7268171 0.000231
28.949038 2.799587 10.489852 0.00026999999
25.20739 2.5096881 7.8513522 0.00024699999
29.497469 3.1861949 6.9891338 32.215672
28.542654 2.437748 8.9175529 0.00028400001
32.349667 3.3574159 9.6095972 0.000233
37.685734 2.6942971 8.8242025 0.000226
27.018068 2.8000739 7.8770051 0.000218
31.288385 2.6143141 14.360198 0.000224
27.96283 2.810251 7.0498681 0.000378
28.311644 2.646364 7.7852907 0.000275
29.206779 3.351002 7.4952641 0.00029200001
28.003841 2.619669 7.8763356 0.000248
42.056969 3.334012 9.3037615 0.00029200001
33.00034 2.7207599 8.8819065 0.000218
36.243015 4.4318891 19.529331 0.00021
29.39818 2.476716 9.529212 0.000224
30.825911 3.8082311 9.2781143 0.000235
30.207745 1.800627 9.4022379 0.022469999
29.402781 2.8680639 7.7849779 0.000218
29.605309 2.626806 7.5690999 0.00062100001
28.591564 3.2248211 9.5485687 0.00024199999
39.494263 2.4868691 8.3068953 0.00020900001
28.435604 3.7530491 8.3838587 0.000218
33.564087 2.958163 8.8869877 0.00029900001
33.593998 2.3112521 7.678215 0.000239
30.146248 2.315805 7.5816636 0.000223
27.489817 1.6495991 6.0965219 0.00023399999
26.97035 2.6509371 9.1979055 0.000271
34.375637 2.9331992 7.4857187 0.00050999998
31.917459 3.459357 9.0655823 0.000231
29.33238 2.6760151 12.65225 0.00024199999
27.854197 2.9352751 8.2462082 0.000279
31.031734 3.019304 7.7332821 0.000233
25.732121 2.622257 8.8883333 0.000275
28.415106 2.5990579 8.1889677 0.00024199999
26.340027 2.644767 8.4445343 0.000235
26.828609 2.9125621 6.634542 0.00023600001
31.956013 2.9929569 19.244501 0.00024100002
29.839094 2.625701 9.1405535 0.00020900001
31.552237 3.220866 8.5713987 0.000205
29.700874 2.8161778 8.4375811 0.000272
27.344259 2.3333578 6.9979873 0.00038400001
30.974125 3.302779 7.0990839 0.00021300001
27.823017 2.439151 7.803535 0.000218
41.906208 3.2399611 39.255184 0.00024299999
30.651922 2.6167588 7.1523433 0.000279
38.863506 2.646198 23.895443 0.000239
26.967377 2.951124 7.4593124 0.00025700001
27.625324 2.587913 8.6817703 0.00026900001
28.236399 2.2302718 7.6172609 0.000224
32.311317 2.8365302 9.2696095 0.00032400002
30.272589 2.7092581 8.1201696 0.00026599999
28.229399 1.74457 7.2499261 0.00025799999
27.743788 3.2740362 9.4507103 0.00023799999
27.460665 2.6653299 7.3172231 0.00027799999
30.461159 2.6616991 7.4975553 0.00023600001
28.783842 2.472486 7.4231367 0.00021300001
25.039669 2.600785 7.6209216 0.00023600001
34.926842 3.7866271 8.2001877 0.000222
26.65835 2.904547 9.2614288 0.000272
27.792299 4.1304641 8.6597595 0.00023399999
29.755228 3.1252551 8.1627274 0.000214
30.016785 3.7283759 7.3746114 0.00023999999
26.5196 2.8541989 8.9513731 0.00029599998
29.127041 2.5356801 8.3295784 0.00049800001
31.23885 2.6222579 7.5402541 0.000229
31.962629 2.3871291 8.2321777 0.00025400001
36.036423 3.8922472 7.9648952 0.00046799998
30.177153 2.4747908 8.9537601 0.000223
29.686893 2.0600209 7.2613568 0.000226
26.499918 2.5142698 8.9363832 0.00021699999
30.182892 2.608377 8.8081388 0.00024299999
32.965107 4.778029 10.455777 0.00022099999
27.548569 2.586899 11.631244 0.000283
32.732529 2.9928401 7.6262689 0.00067399995
28.252346 3.1209581 9.1104469 0.000279
28.245619 2.386054 7.0432329 0.000225
29.135235 1.8470401 8.9921322 0.00026299999
26.374935 2.383137 7.989089 0.000216
33.373444 2.5208781 8.5580864 0.00023200001
27.388702 2.1830311 8.6777973 0.00021699999
30.47191 3.4481471 10.308148 0.00022999999
28.849552 3.6601551 7.9667726 0.00023999999
26.576509 2.7845051 10.633842 0.000223
31.04178 2.5202072 8.7355547 0.00021100001
28.098089 2.7196541 7.86341 0.000275
36.625908 2.7498732 9.7957106 0.000224
29.324354 2.5353451 8.5846138 0.000314
28.529636 2.56547 7.704422 0.00024699999
26.855928 1.6272269 6.4993691 0.000226
32.186611 1.830718 9.4420118 0.00023200001
27.897835 2.586307 9.0763721 0.000214
27.113203 2.2527089 7.5932107 0.00027399999
30.105925 2.3536432 10.812969 0.000268
27.032093 2.6284091 8.1893578 0.00070599996
30.238359 2.4117711 8.3622456 0.000227
26.993864 2.7531469 8.4170303 0.00023399999
28.161131 2.818001 7.9839797 0.00024199999
40.395649 2.786325 15.626589 0.00023399999
30.460428 3.5300882 8.5013905 0.000223
32.282475 1.657921 8.3100348 0.00021899999
26.769913 2.3036041 7.1916118 0.000222
27.560236 3.324595 9.1805725 0.000231
31.190353 1.700214 7.328722 0.00022
27.535999 2.6105039 6.6457129 0.000231
30.677694 1.9732621 8.2607212 0.00024299999
29.344675 3.0012372 8.3585835 0.000151
28.244225 2.3871439 7.7721448 0.00015899999
28.916214 2.6068301 8.138567 0.000227
27.766609 2.4243622 7.8021131 0.00021699999
29.78064 2.577111 9.8336964 0.000248
27.624733 1.655267 8.5871134 0.00023200001
34.026451 2.485729 7.6976843 0.00023799999
28.257145 1.717001 6.3539224 0.000214
27.480648 2.828687 7.4150562 0.00015899999
30.86812 2.4980052 7.8762574 0.00023799999
29.693388 2.8800201 12.222034 0.00024600001
34.482525 2.4913599 10.961526 0.000228
29.839268 2.4645641 8.1692133 0.000172
31.961586 2.4436362 7.4759359 0.00021500001
27.26193 2.7571461 9.2049332 0.00036200002
29.850523 1.517593 7.3241329 0.000208
32.595863 3.101063 13.854549 0.00023200001
28.94927 2.5488 9.139679 0.000279
32.73901 4.361825 8.9768372 0.000474
30.210524 2.8862929 8.4882116 0.000268
26.971237 2.436579 7.783299 0.00026299999
26.685234 2.367363 7.7584729 0.000151
25.217627 1.6883781 8.6900129 0.00021100001
38.673767 3.0907199 12.045555 0.00024100002
25.894249 2.8992321 8.8241882 0.000218
37.770363 2.9304788 18.370798 0.000228
29.213846 1.6554619 8.4728451 0.00022099999
29.334562 5.438097 8.9968719 0.00023999999
26.2796 2.3803952 7.8016939 0.000214
26.982546 3.1135912 7.644742 0.000264
28.215809 2.3797131 8.3981886 0.00029500001
29.362568 2.5641398 9.4687185 0.000237
33.305401 2.57761 9.1592617 0.00024299999
31.008818 3.1902032 7.4289112 0.00035599997
30.200666 2.6871591 9.1634541 0.00057500001
32.624878 2.3577499 12.151127 0.000245
31.038372 2.8770001 10.16124 0.00052
28.293383 2.885658 8.3090849 0.00030000001
27.034195 2.4017749 8.0575972 0.00021899999
28.790442 2.463757 23.620476 0.000237
29.071213 2.534337 8.933156 0.000474
26.985163 2.862005 9.1290483 0.00024199999
27.468843 2.469624 7.443162 0.000139
28.27124 3.0607591 8.5260935 0.00051599997
31.683187 2.5756781 15.947248 0.000226
28.055521 1.627757 6.9319358 0.00015599999
28.26577 2.18097 10.586174 0.000228
27.443205 2.4954622 10.278118 35.049065
28.114923 2.6602108 14.776946 0.00021300001
28.159546 2.7036829 7.224287 0.000235
27.197504 1.966574 6.6238489 0.00020000001
37.91436 2.8378429 8.6585875 0.000462
27.411886 2.0096941 6.8282785 0.000208
37.821388 2.693315 13.787568 0.000291
29.168612 2.4469342 9.199832 0.00056200003
26.281338 3.1594429 8.1728086 0.000233
27.405289 2.8809252 7.2992334 0.000151
26.160341 2.510247 8.8397541 0.000233
29.700157 3.0381789 11.852411 0.00059199997
24.950722 2.63905 9.3383026 0.00022099999
26.78812 2.441716 8.7549734 0.000235
27.566212 3.0082982 9.9862289 0.000228
30.576797 4.7248907 12.92272 0.000223
29.10766 2.276705 10.342903 0.000298
25.436226 2.730057 9.6834612 0.000287
25.382048 2.967217 8.4049549 0.00029
28.355297 1.7308561 7.7124567 0.000225
29.362556 2.7383318 8.6220827 0.00030499999
38.277481 3.9607491 7.6351709 0.000224
24.818451 2.708601 7.6961088 0.00027300001
27.292961 2.47947 12.27063 0.000222
44.514194 2.6348629 18.268579 0.00015899999
25.941128 2.343884 7.9317203 0.00021699999
28.312449 2.8565662 16.695665 0.00024600001
26.34281 2.7586789 8.3135681 0.00026199999
26.135653 2.3624558 8.181366 0.000228
26.815432 2.767544 8.6211071 0.00034199998
27.021997 3.62428 8.208992 0.00022099999
24.650011 2.465688 7.798697 0.000225
24.239429 2.2863851 7.6905837 0.00015199999
38.70607 3.832804 18.261499 0.00022099999
24.382109 2.7429061 7.2744818 0.000291
24.356308 2.454915 9.5974932 0.00022099999
31.752348 4.0257664 6.9109674 0.000231
23.88895 2.771769 10.487699 0.00072100002
30.190311 3.788429 9.8842869 0.00025099999
24.268152 2.507617 7.588974 0.00023600001
26.531654 2.4569681 8.8494864 0.00021300001
24.371428 2.5138981 10.007534 0.00020900001
30.535378 2.9233201 9.5711536 0.00021100001
41.926266 2.7413881 7.259356 0.00022
26.96586 2.4734561 8.3661509 0.000231
27.097219 2.0671949 7.614954 0.000239
25.071316 2.4412122 8.0410929 0.00024299999
24.792652 5.3054752 16.354689 0.000227
32.691189 2.5818181 11.435182 0.000161
27.800955 2.5365961 9.1873407 0.00023399999
27.041653 7.0083728 8.0538254 0.00025700001
31.788185 3.9850659 9.8525457 0.00025300001
25.573067 3.5737801 12.786781 0.00028000001
26.639484 2.450278 7.5396838 0.00021500001
32.280437 2.641634 10.225917 0.00021699999
26.758396 2.4194019 9.1910696 0.00020900001
23.92281 3.4094782 8.7862873 0.000237
27.177765 2.7296598 12.255189 0.00019799999
24.223343 3.192544 9.5720663 0.000223
27.48357 2.7028 11.091448 0.000226
23.85401 2.477582 9.9974747 0.00021899999
31.845053 2.110925 7.8577428 0.000249
23.157511 2.3694499 8.904706 0.00024699999
24.600779 1.758986 7.1040273 0.00035700001
23.224295 1.925153 8.157999 0.000231
26.0856 3.523685 7.34023 0.00023399999
23.055815 2.4578838 8.278265 0.000201
24.559729 3.00367 20.008057 0.00023399999
30.901766 2.8474798 15.279606 0.00047200001
23.63554 2.2338171 9.2361383 0.000212
25.885784 1.6568871 6.7976217 0.00025899999
29.61175 4.9106388 8.4133158 0.000245
26.587332 2.3283651 7.8069139 0.000214
28.440899 2.44398 8.3774347 0.000237
24.541702 1.821128 7.7697082 0.000235
23.808975 1.5663199 5.8395 0.000231
24.608875 2.697824 10.043703 0.000226
31.649731 3.0681391 8.0551615 0.00044999999
29.495331 1.5790449 5.6052818 0.00026599999
28.091057 2.346755 6.9761977 0.00015599999
37.483742 1.7234859 8.2354975 0.000222
