0.0000 129.8714 12.4223 -3.1494 -0.0155 0.0307 0.9972 -0.0663
1.0000 128.4467 10.8575 -2.3588 -0.0195 0.0256 0.9977 -0.0601
2.0000 127.2188 11.7462 -2.3357 -0.0186 0.0250 0.9975 -0.0638
3.0000 126.0090 11.3772 -2.0430 -0.0208 0.0212 0.9975 -0.0634
4.0000 125.0459 12.6461 -3.0187 -0.0154 0.0250 0.9972 -0.0686
5.0000 124.3923 10.7496 -3.3447 -0.0127 0.0214 0.9979 -0.0606
6.0000 122.9113 12.6395 -2.0656 -0.0228 0.0266 0.9970 -0.0694
7.0000 121.4547 12.9208 -3.7998 -0.0112 0.0232 0.9969 -0.0739
8.0000 120.5109 12.6779 -3.1993 -0.0143 0.0240 0.9971 -0.0713
9.0000 119.6749 11.6699 -2.6033 -0.0175 0.0249 0.9974 -0.0647
10.0000 118.8127 11.0172 -3.4040 -0.0134 0.0260 0.9976 -0.0627
11.0000 117.6260 9.9264 -3.4664 -0.0141 0.0258 0.9979 -0.0575
12.0000 116.3410 11.4133 -3.9383 -0.0119 0.0267 0.9974 -0.0653
13.0000 116.2799 7.3066 -2.9412 -0.0201 0.0332 0.9982 -0.0452
14.0000 113.7688 11.0931 -3.9546 -0.0112 0.0249 0.9975 -0.0653
15.0000 113.2873 10.4680 -3.7526 -0.0117 0.0226 0.9978 -0.0606
16.0000 111.6972 11.4416 -3.6214 -0.0124 0.0222 0.9973 -0.0688
17.0000 110.4961 12.7644 -2.5918 -0.0210 0.0211 0.9968 -0.0748
18.0000 110.7026 10.7578 -1.4637 -0.0327 0.0345 0.9972 -0.0575
19.0000 108.3359 12.8422 -3.1249 -0.0204 0.0243 0.9968 -0.0731
20.0000 107.3846 13.6395 -3.3762 -0.0177 0.0251 0.9968 -0.0733
21.0000 106.7701 10.9221 -3.1678 -0.0188 0.0248 0.9974 -0.0651
22.0000 105.8949 10.2325 -3.3757 -0.0179 0.0275 0.9973 -0.0651
23.0000 105.1029 10.7702 -3.1524 -0.0182 0.0238 0.9974 -0.0650
24.0000 104.2114 10.3144 -2.5299 -0.0240 0.0291 0.9975 -0.0591
25.0000 102.6134 11.6627 -3.4337 -0.0168 0.0218 0.9974 -0.0670
26.0000 100.6314 12.5847 -3.2892 -0.0184 0.0229 0.9967 -0.0751
27.0000 100.2673 11.5643 -3.7313 -0.0149 0.0241 0.9973 -0.0671
28.0000 98.6938 13.8084 -3.9501 -0.0125 0.0225 0.9966 -0.0780
29.0000 97.8372 12.7363 -3.9330 -0.0131 0.0233 0.9970 -0.0725
30.0000 96.8889 12.9280 -3.9442 -0.0134 0.0232 0.9969 -0.0746
31.0000 96.3827 12.0757 -3.8307 -0.0146 0.0241 0.9972 -0.0686
32.0000 95.0984 12.5801 -3.7194 -0.0153 0.0232 0.9969 -0.0734
33.0000 94.3533 13.1148 -3.7344 -0.0150 0.0213 0.9967 -0.0770
34.0000 92.1021 13.6093 -4.3954 -0.0107 0.0210 0.9966 -0.0786
35.0000 92.0648 12.6472 -4.3209 -0.0117 0.0205 0.9980 -0.0588
36.0000 90.7991 12.7288 -4.1727 -0.0133 0.0201 0.9979 -0.0603
37.0000 89.6015 12.1041 -4.6389 -0.0104 0.0215 0.9976 -0.0650
38.0000 88.9805 12.1496 -4.2009 -0.0139 0.0227 0.9977 -0.0619
39.0000 87.9957 12.1234 -4.4218 -0.0120 0.0225 0.9972 -0.0698
40.0000 87.2962 12.0398 -4.3825 -0.0138 0.0243 0.9974 -0.0671
41.0000 86.0196 11.6015 -4.6228 -0.0115 0.0236 0.9979 -0.0595
42.0000 85.0952 11.9836 -4.4238 -0.0132 0.0235 0.9972 -0.0699
43.0000 84.3096 12.0979 -4.4278 -0.0135 0.0236 0.9971 -0.0711
44.0000 83.8685 11.7492 -4.5576 -0.0129 0.0249 0.9969 -0.0730
45.0000 83.4733 11.9765 -4.4864 -0.0139 0.0260 0.9970 -0.0715
46.0000 82.2988 10.7911 -4.7606 -0.0108 0.0239 0.9977 -0.0622
47.0000 81.0245 11.6195 -4.8867 -0.0098 0.0236 0.9972 -0.0706
48.0000 79.9135 14.7309 -4.5764 -0.0134 0.0226 0.9955 -0.0909
49.0000 80.2021 12.4793 -4.5882 -0.0138 0.0242 0.9968 -0.0744
50.0000 79.8956 11.0825 -4.5192 -0.0146 0.0237 0.9974 -0.0660
51.0000 78.8617 11.4130 -4.5804 -0.0147 0.0253 0.9972 -0.0685
52.0000 77.5992 10.0259 -4.8555 -0.0116 0.0240 0.9984 -0.0503
53.0000 75.9928 10.6841 -4.8481 -0.0124 0.0244 0.9980 -0.0561
54.0000 75.9710 11.0397 -4.6366 -0.0145 0.0242 0.9977 -0.0620
55.0000 74.8987 10.5784 -4.7569 -0.0124 0.0244 0.9981 -0.0560
56.0000 74.3685 10.8294 -4.5967 -0.0145 0.0237 0.9973 -0.0685
57.0000 73.8202 10.0619 -4.9480 -0.0109 0.0253 0.9982 -0.0538
58.0000 73.3101 10.6526 -5.0877 -0.0094 0.0258 0.9980 -0.0575
59.0000 72.5334 10.2043 -4.9719 -0.0109 0.0251 0.9987 -0.0433
60.0000 71.4181 10.1212 -4.9866 -0.0108 0.0252 0.9981 -0.0559
61.0000 70.5290 10.4979 -4.9352 -0.0115 0.0254 0.9977 -0.0610
62.0000 69.4520 13.4864 -5.0559 -0.0106 0.0236 0.9981 -0.0552
63.0000 68.7103 13.4675 -5.0775 -0.0103 0.0234 0.9981 -0.0566
64.0000 67.9899 13.2723 -5.0807 -0.0111 0.0235 0.9981 -0.0557
65.0000 67.3770 13.1698 -5.0816 -0.0114 0.0242 0.9981 -0.0551
66.0000 66.6396 13.0691 -5.1226 -0.0113 0.0237 0.9981 -0.0562
67.0000 66.1799 13.1600 -5.1191 -0.0116 0.0232 0.9980 -0.0570
68.0000 65.4435 13.0583 -5.1575 -0.0115 0.0228 0.9980 -0.0572
69.0000 64.8038 13.0763 -5.1902 -0.0112 0.0225 0.9980 -0.0575
70.0000 64.3166 12.9713 -5.1063 -0.0121 0.0227 0.9980 -0.0584
71.0000 63.6802 12.8994 -5.1883 -0.0116 0.0227 0.9979 -0.0593
72.0000 63.1217 12.9917 -5.2008 -0.0113 0.0223 0.9978 -0.0609
73.0000 62.4767 12.8412 -5.2419 -0.0107 0.0227 0.9978 -0.0607
74.0000 61.8956 12.6571 -5.2769 -0.0104 0.0229 0.9979 -0.0602
75.0000 61.3705 12.5614 -5.2221 -0.0111 0.0223 0.9979 -0.0599
76.0000 60.6434 12.6878 -5.2810 -0.0103 0.0224 0.9978 -0.0623
77.0000 60.1515 12.6484 -5.2403 -0.0108 0.0221 0.9978 -0.0624
78.0000 59.6557 12.5335 -5.2979 -0.0106 0.0228 0.9977 -0.0628
79.0000 59.0814 12.3508 -5.3345 -0.0104 0.0228 0.9977 -0.0623
80.0000 58.6144 12.3802 -5.3362 -0.0106 0.0230 0.9977 -0.0633
81.0000 58.1491 12.3314 -5.3828 -0.0103 0.0230 0.9976 -0.0639
82.0000 57.6275 12.2819 -5.4319 -0.0095 0.0223 0.9977 -0.0641
83.0000 57.0721 12.2010 -5.3972 -0.0103 0.0217 0.9976 -0.0642
84.0000 56.5866 12.0365 -5.4437 -0.0094 0.0218 0.9976 -0.0643
85.0000 56.0450 11.9690 -5.3624 -0.0112 0.0212 0.9976 -0.0647
86.0000 55.6446 11.9796 -5.3253 -0.0126 0.0202 0.9976 -0.0653
87.0000 55.1472 11.9231 -5.3882 -0.0110 0.0205 0.9976 -0.0652
88.0000 54.6703 11.8671 -5.4122 -0.0099 0.0197 0.9977 -0.0649
89.0000 54.2709 11.9539 -5.4116 -0.0105 0.0193 0.9976 -0.0649
90.0000 53.8237 11.7839 -5.4242 -0.0113 0.0187 0.9977 -0.0642
91.0000 53.4378 11.6820 -5.4919 -0.0099 0.0194 0.9977 -0.0640
92.0000 53.0831 11.7129 -5.4306 -0.0111 0.0185 0.9978 -0.0632
93.0000 52.7016 11.6852 -5.4587 -0.0101 0.0191 0.9978 -0.0624
94.0000 52.3288 11.5827 -5.5059 -0.0093 0.0195 0.9978 -0.0628
95.0000 51.9131 11.5476 -5.5051 -0.0097 0.0186 0.9978 -0.0630
96.0000 51.5611 11.5027 -5.5167 -0.0093 0.0179 0.9979 -0.0621
97.0000 51.2473 11.3945 -5.5514 -0.0089 0.0183 0.9978 -0.0623
98.0000 51.0070 11.3951 -5.5317 -0.0093 0.0190 0.9979 -0.0606
99.0000 50.6040 11.3844 -5.5286 -0.0078 0.0181 0.9980 -0.0606
100.0000 50.4330 11.4414 -5.5100 -0.0070 0.0176 0.9979 -0.0613
101.0000 50.0245 11.3682 -5.5319 -0.0063 0.0181 0.9979 -0.0615
102.0000 49.7441 11.3825 -5.5419 -0.0069 0.0178 0.9979 -0.0614
103.0000 49.4831 11.3182 -5.5298 -0.0067 0.0170 0.9980 -0.0604
104.0000 49.3099 11.3181 -5.5298 -0.0073 0.0167 0.9980 -0.0609
105.0000 49.0417 11.2502 -5.5961 -0.0052 0.0164 0.9980 -0.0603
106.0000 48.7959 11.2277 -5.5889 -0.0041 0.0171 0.9979 -0.0617
107.0000 48.5802 11.2215 -5.5260 -0.0065 0.0177 0.9979 -0.0623
108.0000 48.3979 11.2461 -5.5426 -0.0064 0.0179 0.9979 -0.0619
109.0000 48.1642 11.1669 -5.5665 -0.0070 0.0179 0.9979 -0.0618
110.0000 47.9660 11.1902 -5.5455 -0.0069 0.0169 0.9979 -0.0619
111.0000 47.7225 11.1387 -5.5401 -0.0068 0.0155 0.9979 -0.0619
112.0000 47.5851 11.1216 -5.5427 -0.0076 0.0160 0.9979 -0.0621
113.0000 47.3564 11.0191 -5.5287 -0.0086 0.0163 0.9979 -0.0617
114.0000 47.2494 11.0755 -5.5052 -0.0096 0.0161 0.9979 -0.0622
115.0000 47.0848 10.9946 -5.5354 -0.0083 0.0167 0.9979 -0.0617
116.0000 46.8791 11.0153 -5.5085 -0.0096 0.0163 0.9979 -0.0618
117.0000 46.7116 10.9548 -5.5890 -0.0084 0.0172 0.9979 -0.0620
118.0000 46.6450 10.9503 -5.5334 -0.0093 0.0167 0.9979 -0.0621
119.0000 46.4259 10.9477 -5.5896 -0.0089 0.0170 0.9979 -0.0626
120.0000 46.2984 10.9814 -5.5425 -0.0105 0.0162 0.9979 -0.0622
121.0000 46.1777 10.9264 -5.5631 -0.0102 0.0161 0.9979 -0.0616
122.0000 46.0927 10.8785 -5.5173 -0.0107 0.0165 0.9979 -0.0623
123.0000 45.9135 10.9355 -5.5099 -0.0101 0.0174 0.9978 -0.0627
124.0000 45.7302 10.9121 -5.5499 -0.0097 0.0181 0.9978 -0.0633
125.0000 45.6728 10.8289 -5.5320 -0.0104 0.0178 0.9978 -0.0626
126.0000 45.4898 10.9057 -5.5402 -0.0099 0.0166 0.9978 -0.0639
127.0000 45.4235 10.8703 -5.5869 -0.0098 0.0166 0.9978 -0.0638
128.0000 45.3966 10.8296 -5.5697 -0.0098 0.0159 0.9978 -0.0630
129.0000 45.2250 10.8699 -5.5973 -0.0092 0.0154 0.9978 -0.0640
130.0000 45.1182 10.8407 -5.6101 -0.0090 0.0152 0.9978 -0.0638
131.0000 45.0713 10.8696 -5.6005 -0.0090 0.0153 0.9978 -0.0646
132.0000 44.9777 10.8327 -5.5976 -0.0089 0.0153 0.9978 -0.0644
133.0000 44.8792 10.8020 -5.5773 -0.0091 0.0149 0.9978 -0.0644
134.0000 44.8185 10.8338 -5.5834 -0.0089 0.0151 0.9978 -0.0647
135.0000 44.7516 10.7996 -5.5921 -0.0092 0.0152 0.9978 -0.0644
136.0000 44.5616 10.7820 -5.6154 -0.0088 0.0152 0.9978 -0.0639
137.0000 44.5565 10.8238 -5.5965 -0.0087 0.0152 0.9978 -0.0645
138.0000 44.4452 10.8204 -5.6215 -0.0085 0.0159 0.9978 -0.0644
139.0000 44.4118 10.8304 -5.6331 -0.0082 0.0156 0.9978 -0.0645
140.0000 44.4085 10.8179 -5.6402 -0.0082 0.0160 0.9977 -0.0650
141.0000 44.3608 10.8159 -5.6255 -0.0084 0.0156 0.9977 -0.0649
142.0000 44.3449 10.7558 -5.6131 -0.0088 0.0160 0.9978 -0.0643
143.0000 44.3247 10.8085 -5.6171 -0.0083 0.0157 0.9978 -0.0645
144.0000 44.2839 10.8049 -5.6186 -0.0084 0.0153 0.9978 -0.0642
145.0000 44.2788 10.8030 -5.6131 -0.0088 0.0156 0.9977 -0.0648
146.0000 44.2551 10.7853 -5.6318 -0.0081 0.0156 0.9978 -0.0633
147.0000 44.1946 10.7895 -5.6664 -0.0070 0.0154 0.9978 -0.0640
148.0000 44.2286 10.8153 -5.6304 -0.0082 0.0156 0.9978 -0.0642
149.0000 44.1997 10.8174 -5.6115 -0.0086 0.0158 0.9977 -0.0646
150.0000 44.1670 10.8437 -5.6347 -0.0082 0.0154 0.9978 -0.0643
151.0000 44.2107 10.8647 -5.6282 -0.0084 0.0155 0.9977 -0.0653
152.0000 44.1733 10.8270 -5.6433 -0.0080 0.0156 0.9978 -0.0638
153.0000 44.1394 10.7947 -5.6439 -0.0073 0.0147 0.9978 -0.0640
154.0000 44.1551 10.7725 -5.6567 -0.0070 0.0154 0.9978 -0.0642
155.0000 44.1583 10.8054 -5.6583 -0.0071 0.0150 0.9978 -0.0636
156.0000 44.1585 10.8205 -5.6586 -0.0070 0.0154 0.9978 -0.0640
157.0000 44.1995 10.8276 -5.6540 -0.0071 0.0156 0.9978 -0.0645
158.0000 44.1877 10.8337 -5.6359 -0.0072 0.0153 0.9978 -0.0645
159.0000 44.1721 10.8050 -5.6326 -0.0074 0.0153 0.9978 -0.0643
160.0000 44.1638 10.7948 -5.6424 -0.0072 0.0155 0.9978 -0.0636
161.0000 44.1832 10.8366 -5.5901 -0.0087 0.0154 0.9978 -0.0641
162.0000 44.1819 10.8081 -5.6425 -0.0071 0.0153 0.9978 -0.0641
163.0000 44.1541 10.8022 -5.5934 -0.0087 0.0153 0.9978 -0.0642
164.0000 44.1784 10.8336 -5.6157 -0.0080 0.0153 0.9978 -0.0643
165.0000 44.2082 10.8399 -5.5968 -0.0085 0.0154 0.9977 -0.0647
166.0000 44.1950 10.8304 -5.6037 -0.0086 0.0157 0.9978 -0.0646
167.0000 44.2050 10.8317 -5.6097 -0.0084 0.0154 0.9978 -0.0645
168.0000 44.2203 10.8123 -5.6053 -0.0081 0.0152 0.9978 -0.0638
169.0000 44.1647 10.8021 -5.6052 -0.0084 0.0154 0.9978 -0.0646
170.0000 44.1744 10.8173 -5.6543 -0.0071 0.0151 0.9978 -0.0639
171.0000 44.1877 10.8666 -5.6452 -0.0071 0.0154 0.9978 -0.0644
172.0000 44.1659 10.8106 -5.6565 -0.0071 0.0155 0.9978 -0.0641
173.0000 44.1835 10.7899 -5.6474 -0.0071 0.0154 0.9978 -0.0640
174.0000 44.1631 10.8306 -5.6536 -0.0069 0.0154 0.9978 -0.0638
175.0000 44.1751 10.8143 -5.5892 -0.0087 0.0156 0.9978 -0.0641
176.0000 44.1645 10.8217 -5.5948 -0.0086 0.0155 0.9978 -0.0642
177.0000 44.1914 10.8198 -5.5935 -0.0082 0.0156 0.9978 -0.0640
178.0000 44.1796 10.8136 -5.6410 -0.0071 0.0158 0.9978 -0.0640
179.0000 44.1870 10.7965 -5.6409 -0.0070 0.0157 0.9978 -0.0639
180.0000 44.1683 10.7921 -5.6496 -0.0069 0.0156 0.9978 -0.0637
181.0000 44.1500 10.8214 -5.6451 -0.0070 0.0154 0.9978 -0.0639
182.0000 44.1675 10.8182 -5.6573 -0.0069 0.0156 0.9978 -0.0638
183.0000 44.1781 10.7934 -5.6653 -0.0068 0.0159 0.9978 -0.0637
184.0000 44.1553 10.8354 -5.6442 -0.0070 0.0157 0.9978 -0.0645
185.0000 44.1375 10.8233 -5.6636 -0.0067 0.0160 0.9978 -0.0645
186.0000 44.1735 10.7675 -5.6466 -0.0069 0.0155 0.9978 -0.0636
187.0000 44.2080 10.8027 -5.6451 -0.0070 0.0157 0.9978 -0.0639
188.0000 44.1852 10.7906 -5.6685 -0.0068 0.0157 0.9978 -0.0639
189.0000 44.1642 10.8066 -5.6497 -0.0070 0.0155 0.9978 -0.0639
190.0000 44.1988 10.8116 -5.5863 -0.0086 0.0159 0.9978 -0.0642
191.0000 44.1652 10.7921 -5.6638 -0.0067 0.0159 0.9978 -0.0637
192.0000 44.1504 10.8189 -5.6467 -0.0071 0.0157 0.9978 -0.0640
193.0000 44.1586 10.8065 -5.6476 -0.0071 0.0158 0.9978 -0.0641
194.0000 44.1653 10.8264 -5.5910 -0.0085 0.0159 0.9978 -0.0642
195.0000 44.1764 10.8303 -5.5833 -0.0086 0.0159 0.9978 -0.0642
196.0000 44.1650 10.7663 -5.6455 -0.0069 0.0157 0.9978 -0.0643
197.0000 44.1705 10.8011 -5.6476 -0.0071 0.0156 0.9978 -0.0638
198.0000 44.1682 10.8306 -5.6238 -0.0073 0.0151 0.9978 -0.0641
199.0000 44.1614 10.8029 -5.5877 -0.0086 0.0159 0.9978 -0.0640
200.0000 44.1885 10.8350 -5.6583 -0.0068 0.0158 0.9978 -0.0644
201.0000 44.1528 10.7757 -5.6517 -0.0068 0.0154 0.9978 -0.0638
202.0000 44.1592 10.8077 -5.6386 -0.0071 0.0157 0.9978 -0.0643
203.0000 44.1774 10.8042 -5.6442 -0.0070 0.0157 0.9978 -0.0639
204.0000 44.1645 10.7920 -5.6607 -0.0069 0.0156 0.9978 -0.0638
205.0000 44.1693 10.7828 -5.6638 -0.0068 0.0158 0.9978 -0.0637
206.0000 44.1626 10.7698 -5.6470 -0.0069 0.0155 0.9978 -0.0636
207.0000 44.1648 10.7990 -5.6544 -0.0071 0.0159 0.9978 -0.0641
208.0000 44.1676 10.8428 -5.6567 -0.0070 0.0156 0.9978 -0.0642
209.0000 44.1330 10.8078 -5.5887 -0.0085 0.0155 0.9978 -0.0644
210.0000 44.1746 10.7686 -5.6072 -0.0082 0.0158 0.9978 -0.0634
211.0000 44.1658 10.7921 -5.6507 -0.0069 0.0155 0.9978 -0.0638
212.0000 44.1256 10.7827 -5.6066 -0.0083 0.0158 0.9978 -0.0639
213.0000 44.1535 10.7672 -5.6620 -0.0068 0.0160 0.9978 -0.0639
214.0000 44.1305 10.8064 -5.6571 -0.0069 0.0155 0.9978 -0.0637
215.0000 44.1681 10.7947 -5.5875 -0.0087 0.0157 0.9978 -0.0640
216.0000 44.1725 10.8267 -5.5887 -0.0085 0.0157 0.9978 -0.0639
217.0000 44.1122 10.7655 -5.6610 -0.0069 0.0157 0.9978 -0.0641
218.0000 44.1337 10.8002 -5.5954 -0.0087 0.0159 0.9978 -0.0642
219.0000 44.1204 10.8056 -5.5960 -0.0084 0.0157 0.9978 -0.0638
220.0000 44.1851 10.7906 -5.5917 -0.0086 0.0160 0.9978 -0.0643
221.0000 44.1246 10.7511 -5.6553 -0.0070 0.0155 0.9978 -0.0634
222.0000 44.1405 10.7660 -5.6045 -0.0083 0.0157 0.9978 -0.0642
223.0000 44.1473 10.8020 -5.6648 -0.0069 0.0159 0.9978 -0.0637
224.0000 44.1659 10.7869 -5.5927 -0.0083 0.0157 0.9978 -0.0639
225.0000 44.1537 10.7941 -5.6404 -0.0071 0.0154 0.9978 -0.0638
226.0000 44.1482 10.8090 -5.5988 -0.0085 0.0157 0.9978 -0.0643
227.0000 44.1597 10.8077 -5.6455 -0.0070 0.0154 0.9978 -0.0637
228.0000 44.1555 10.7736 -5.6464 -0.0072 0.0153 0.9978 -0.0636
229.0000 44.1566 10.7727 -5.6650 -0.0069 0.0155 0.9978 -0.0636
230.0000 44.1466 10.8111 -5.6431 -0.0070 0.0151 0.9978 -0.0641
231.0000 44.1699 10.7877 -5.6466 -0.0072 0.0154 0.9978 -0.0642
232.0000 44.1636 10.7788 -5.6588 -0.0069 0.0155 0.9978 -0.0634
233.0000 44.1688 10.7696 -5.5939 -0.0086 0.0156 0.9978 -0.0645
234.0000 44.1632 10.7840 -5.6592 -0.0069 0.0156 0.9978 -0.0638
235.0000 44.1821 10.8325 -5.6012 -0.0085 0.0153 0.9978 -0.0643
236.0000 44.1763 10.7844 -5.6549 -0.0070 0.0154 0.9978 -0.0637
237.0000 44.1562 10.8191 -5.6102 -0.0085 0.0156 0.9978 -0.0643
238.0000 44.1655 10.8130 -5.6608 -0.0069 0.0152 0.9978 -0.0639
239.0000 44.1555 10.7680 -5.6574 -0.0071 0.0152 0.9978 -0.0635
240.0000 44.1667 10.8150 -5.6686 -0.0070 0.0157 0.9978 -0.0641
241.0000 44.2012 10.8138 -5.6688 -0.0069 0.0158 0.9978 -0.0641
242.0000 44.1542 10.8010 -5.6113 -0.0085 0.0157 0.9978 -0.0642
243.0000 44.1761 10.8025 -5.6009 -0.0085 0.0155 0.9978 -0.0641
244.0000 44.1658 10.8146 -5.6554 -0.0072 0.0154 0.9978 -0.0648
245.0000 44.1712 10.8126 -5.6663 -0.0070 0.0152 0.9978 -0.0639
246.0000 44.1740 10.7986 -5.6093 -0.0085 0.0156 0.9978 -0.0643
247.0000 44.1963 10.8418 -5.6416 -0.0076 0.0153 0.9978 -0.0643
248.0000 44.1731 10.8162 -5.5943 -0.0087 0.0155 0.9978 -0.0644
249.0000 44.1127 10.8116 -5.6054 -0.0086 0.0155 0.9978 -0.0643
250.0000 44.1983 10.8363 -5.6521 -0.0073 0.0156 0.9978 -0.0642
251.0000 44.1430 10.7859 -5.6637 -0.0070 0.0152 0.9978 -0.0636
252.0000 44.1371 10.7803 -5.6638 -0.0070 0.0154 0.9978 -0.0640
253.0000 44.1640 10.8091 -5.6099 -0.0085 0.0155 0.9978 -0.0645
254.0000 44.1821 10.8184 -5.6664 -0.0069 0.0157 0.9978 -0.0644
255.0000 44.1451 10.8032 -5.6657 -0.0071 0.0153 0.9978 -0.0642
256.0000 44.1548 10.7927 -5.6595 -0.0069 0.0154 0.9978 -0.0642
257.0000 44.1623 10.7859 -5.6542 -0.0070 0.0154 0.9978 -0.0638
258.0000 44.1702 10.7797 -5.6673 -0.0069 0.0156 0.9978 -0.0638
259.0000 44.1871 10.8122 -5.6158 -0.0082 0.0159 0.9978 -0.0642
260.0000 44.1702 10.8007 -5.5903 -0.0087 0.0156 0.9978 -0.0642
261.0000 44.1733 10.8001 -5.6621 -0.0069 0.0154 0.9978 -0.0643
262.0000 44.1834 10.7574 -5.6577 -0.0071 0.0152 0.9978 -0.0638
263.0000 44.1631 10.7815 -5.6164 -0.0083 0.0157 0.9978 -0.0643
264.0000 44.1783 10.8304 -5.6442 -0.0070 0.0155 0.9978 -0.0645
265.0000 44.1349 10.8069 -5.6643 -0.0069 0.0155 0.9978 -0.0642
266.0000 44.1734 10.8273 -5.6062 -0.0087 0.0154 0.9978 -0.0642
267.0000 44.1499 10.7580 -5.6705 -0.0068 0.0157 0.9978 -0.0636
268.0000 44.1798 10.8237 -5.6120 -0.0080 0.0157 0.9977 -0.0650
269.0000 44.1462 10.7815 -5.6755 -0.0068 0.0155 0.9978 -0.0639
270.0000 44.1304 10.8190 -5.6541 -0.0070 0.0155 0.9978 -0.0639
271.0000 44.1720 10.8088 -5.6468 -0.0071 0.0153 0.9978 -0.0642
272.0000 44.1627 10.8241 -5.6535 -0.0071 0.0152 0.9978 -0.0641
273.0000 44.1622 10.7930 -5.6522 -0.0072 0.0154 0.9978 -0.0644
274.0000 44.1835 10.7938 -5.6551 -0.0071 0.0156 0.9978 -0.0640
275.0000 44.2041 10.7997 -5.6514 -0.0070 0.0155 0.9978 -0.0645
276.0000 44.1584 10.7859 -5.6705 -0.0068 0.0158 0.9978 -0.0640
277.0000 44.1609 10.8144 -5.5966 -0.0087 0.0157 0.9978 -0.0642
278.0000 44.1759 10.8029 -5.5917 -0.0086 0.0158 0.9978 -0.0642
279.0000 44.1763 10.7873 -5.6019 -0.0085 0.0160 0.9978 -0.0639
280.0000 44.1660 10.8039 -5.6050 -0.0085 0.0156 0.9978 -0.0644
281.0000 44.1754 10.7933 -5.6505 -0.0068 0.0157 0.9978 -0.0637
282.0000 44.1611 10.7860 -5.6031 -0.0085 0.0158 0.9978 -0.0642
283.0000 44.1673 10.7940 -5.6587 -0.0068 0.0157 0.9978 -0.0637
284.0000 44.1570 10.7937 -5.6632 -0.0069 0.0160 0.9978 -0.0642
285.0000 44.1658 10.8093 -5.5946 -0.0086 0.0160 0.9978 -0.0641
286.0000 44.1628 10.8268 -5.5968 -0.0084 0.0158 0.9977 -0.0647
287.0000 44.1664 10.7691 -5.6586 -0.0070 0.0156 0.9978 -0.0636
288.0000 44.1552 10.8535 -5.5824 -0.0087 0.0153 0.9978 -0.0642
289.0000 44.1398 10.8173 -5.6528 -0.0068 0.0157 0.9978 -0.0645
290.0000 44.1565 10.8141 -5.6198 -0.0081 0.0154 0.9978 -0.0645
291.0000 44.1963 10.8386 -5.5878 -0.0085 0.0157 0.9978 -0.0645
292.0000 44.1744 10.8407 -5.6448 -0.0071 0.0155 0.9978 -0.0644
293.0000 44.1667 10.7852 -5.6575 -0.0068 0.0153 0.9978 -0.0640
294.0000 44.1920 10.8090 -5.6593 -0.0067 0.0158 0.9978 -0.0644
295.0000 44.2010 10.7957 -5.6616 -0.0068 0.0156 0.9978 -0.0638
296.0000 44.1953 10.8134 -5.5969 -0.0085 0.0158 0.9978 -0.0645
297.0000 44.1529 10.7722 -5.6557 -0.0069 0.0155 0.9978 -0.0635
298.0000 44.1688 10.7947 -5.6052 -0.0085 0.0157 0.9978 -0.0642
299.0000 44.2012 10.8301 -5.6542 -0.0070 0.0156 0.9978 -0.0644
300.0000 44.1924 10.7860 -5.6112 -0.0082 0.0159 0.9977 -0.0646
301.0000 44.1534 10.7980 -5.6460 -0.0074 0.0155 0.9978 -0.0647
302.0000 44.2130 10.7919 -5.6456 -0.0070 0.0156 0.9978 -0.0642
303.0000 44.1689 10.7987 -5.6404 -0.0074 0.0156 0.9978 -0.0643
304.0000 44.1640 10.8035 -5.5895 -0.0086 0.0160 0.9978 -0.0640
305.0000 44.1669 10.8198 -5.5939 -0.0085 0.0160 0.9978 -0.0645
306.0000 44.1791 10.7702 -5.6725 -0.0067 0.0156 0.9978 -0.0639
307.0000 44.1698 10.8271 -5.5828 -0.0088 0.0158 0.9978 -0.0640
308.0000 44.1722 10.7911 -5.6448 -0.0072 0.0156 0.9978 -0.0640
309.0000 44.1881 10.7991 -5.6637 -0.0069 0.0157 0.9978 -0.0644
310.0000 44.1698 10.7872 -5.6412 -0.0070 0.0156 0.9978 -0.0644
311.0000 44.2086 10.7917 -5.6274 -0.0073 0.0160 0.9977 -0.0650
312.0000 44.1885 10.8051 -5.6628 -0.0068 0.0160 0.9978 -0.0642
313.0000 44.1968 10.8341 -5.5868 -0.0087 0.0159 0.9978 -0.0644
314.0000 44.1911 10.7871 -5.6481 -0.0070 0.0156 0.9978 -0.0641
315.0000 44.1579 10.8266 -5.5870 -0.0084 0.0159 0.9978 -0.0639
316.0000 44.1479 10.7959 -5.6120 -0.0084 0.0160 0.9978 -0.0641
317.0000 44.1841 10.8041 -5.6188 -0.0083 0.0162 0.9978 -0.0644
318.0000 44.1994 10.8156 -5.6412 -0.0072 0.0157 0.9978 -0.0638
319.0000 44.1960 10.8244 -5.6508 -0.0072 0.0158 0.9977 -0.0648
320.0000 44.1983 10.8124 -5.5954 -0.0086 0.0162 0.9978 -0.0644
321.0000 44.1885 10.8031 -5.5939 -0.0086 0.0160 0.9978 -0.0643
322.0000 44.1622 10.8339 -5.5986 -0.0086 0.0158 0.9977 -0.0646
323.0000 44.1843 10.8547 -5.6109 -0.0082 0.0154 0.9978 -0.0647
324.0000 44.1423 10.8135 -5.6013 -0.0082 0.0160 0.9977 -0.0648
325.0000 44.1713 10.8399 -5.6424 -0.0074 0.0154 0.9978 -0.0644
326.0000 44.1460 10.8512 -5.6473 -0.0071 0.0157 0.9978 -0.0644
327.0000 44.1747 10.8195 -5.5967 -0.0086 0.0157 0.9978 -0.0646
328.0000 44.1963 10.8189 -5.6713 -0.0070 0.0157 0.9978 -0.0643
329.0000 44.1773 10.8379 -5.5932 -0.0084 0.0157 0.9978 -0.0644
330.0000 44.1725 10.7957 -5.6011 -0.0085 0.0158 0.9977 -0.0646
331.0000 44.1987 10.8239 -5.6584 -0.0069 0.0155 0.9978 -0.0640
332.0000 44.1848 10.7993 -5.5963 -0.0086 0.0159 0.9978 -0.0642
333.0000 44.2100 10.7604 -5.6631 -0.0069 0.0160 0.9978 -0.0643
334.0000 44.1780 10.7845 -5.6638 -0.0068 0.0158 0.9978 -0.0639
335.0000 44.2143 10.7821 -5.6507 -0.0070 0.0157 0.9978 -0.0644
336.0000 44.1745 10.7720 -5.6633 -0.0069 0.0159 0.9978 -0.0636
337.0000 44.1757 10.7977 -5.6584 -0.0070 0.0156 0.9978 -0.0639
338.0000 44.2075 10.8144 -5.6007 -0.0082 0.0154 0.9978 -0.0645
339.0000 44.2081 10.7936 -5.6700 -0.0069 0.0157 0.9978 -0.0642
340.0000 44.2147 10.7969 -5.5937 -0.0086 0.0159 0.9978 -0.0642
341.0000 44.1781 10.7824 -5.6031 -0.0084 0.0160 0.9978 -0.0642
342.0000 44.2048 10.8038 -5.6055 -0.0086 0.0157 0.9978 -0.0646
343.0000 44.1735 10.8047 -5.6213 -0.0081 0.0158 0.9977 -0.0647
344.0000 44.1903 10.8185 -5.6432 -0.0072 0.0156 0.9978 -0.0643
345.0000 44.1705 10.8026 -5.5893 -0.0086 0.0156 0.9978 -0.0644
346.0000 44.1800 10.7736 -5.6509 -0.0071 0.0155 0.9978 -0.0636
347.0000 44.1698 10.8124 -5.6113 -0.0085 0.0155 0.9978 -0.0642
348.0000 44.2075 10.8298 -5.5965 -0.0086 0.0157 0.9978 -0.0646
349.0000 44.1853 10.7713 -5.6486 -0.0072 0.0156 0.9978 -0.0645
350.0000 44.1900 10.7989 -5.6280 -0.0079 0.0156 0.9978 -0.0645
351.0000 44.1700 10.7903 -5.6072 -0.0082 0.0156 0.9978 -0.0646
352.0000 44.1876 10.7486 -5.6713 -0.0069 0.0156 0.9978 -0.0634
353.0000 44.1780 10.8117 -5.5892 -0.0083 0.0156 0.9978 -0.0639
354.0000 44.1262 10.7921 -5.6551 -0.0070 0.0157 0.9978 -0.0641
355.0000 44.1785 10.8124 -5.5991 -0.0086 0.0156 0.9978 -0.0643
356.0000 44.2070 10.8154 -5.5896 -0.0085 0.0160 0.9977 -0.0647
357.0000 44.2211 10.7854 -5.6155 -0.0080 0.0156 0.9978 -0.0643
358.0000 44.1680 10.7766 -5.6501 -0.0070 0.0157 0.9978 -0.0637
359.0000 44.1642 10.8119 -5.6041 -0.0084 0.0159 0.9978 -0.0645
360.0000 44.1753 10.8152 -5.5979 -0.0086 0.0157 0.9978 -0.0643
361.0000 44.1833 10.8102 -5.6023 -0.0085 0.0157 0.9978 -0.0645
362.0000 44.2010 10.7778 -5.6479 -0.0070 0.0158 0.9978 -0.0641
363.0000 44.1505 10.8046 -5.6005 -0.0085 0.0159 0.9978 -0.0640
364.0000 44.1779 10.8067 -5.5902 -0.0086 0.0160 0.9978 -0.0640
365.0000 44.1971 10.7838 -5.5954 -0.0085 0.0159 0.9978 -0.0643
366.0000 44.1788 10.8268 -5.5962 -0.0086 0.0160 0.9978 -0.0643
367.0000 44.2213 10.7812 -5.6150 -0.0080 0.0157 0.9978 -0.0644
368.0000 44.1744 10.7775 -5.6674 -0.0068 0.0157 0.9978 -0.0637
369.0000 44.1837 10.8071 -5.5934 -0.0086 0.0160 0.9978 -0.0643
370.0000 44.2145 10.8030 -5.5960 -0.0085 0.0160 0.9978 -0.0644
371.0000 44.1648 10.7869 -5.5983 -0.0085 0.0161 0.9978 -0.0641
372.0000 44.1959 10.8069 -5.6034 -0.0085 0.0157 0.9978 -0.0643
373.0000 44.1616 10.7560 -5.6736 -0.0067 0.0157 0.9978 -0.0636
374.0000 44.1732 10.7718 -5.6687 -0.0069 0.0158 0.9978 -0.0638
375.0000 44.1774 10.8060 -5.5949 -0.0086 0.0159 0.9978 -0.0643
376.0000 44.1544 10.7952 -5.6027 -0.0085 0.0158 0.9978 -0.0643
377.0000 44.1950 10.8024 -5.6256 -0.0079 0.0159 0.9978 -0.0645
378.0000 44.2019 10.7735 -5.6204 -0.0079 0.0156 0.9978 -0.0642
379.0000 44.1733 10.7900 -5.6555 -0.0070 0.0152 0.9978 -0.0639
380.0000 44.1730 10.7995 -5.6019 -0.0085 0.0157 0.9978 -0.0641
381.0000 44.1761 10.7728 -5.6197 -0.0084 0.0155 0.9978 -0.0641
382.0000 44.1675 10.8038 -5.6644 -0.0070 0.0156 0.9978 -0.0641
383.0000 44.1445 10.7626 -5.6091 -0.0085 0.0154 0.9978 -0.0642
384.0000 44.1955 10.8098 -5.6334 -0.0081 0.0152 0.9977 -0.0649
385.0000 44.1671 10.7816 -5.6631 -0.0070 0.0150 0.9978 -0.0643
386.0000 44.1640 10.7495 -5.6876 -0.0067 0.0152 0.9978 -0.0639
387.0000 44.1949 10.8547 -5.6247 -0.0083 0.0152 0.9978 -0.0640
388.0000 44.1935 10.8011 -5.6578 -0.0071 0.0153 0.9978 -0.0644
389.0000 44.1951 10.7810 -5.6322 -0.0078 0.0157 0.9978 -0.0645
390.0000 44.1577 10.8007 -5.6080 -0.0085 0.0157 0.9978 -0.0642
391.0000 44.1970 10.7785 -5.6233 -0.0079 0.0154 0.9978 -0.0636
392.0000 44.1770 10.7728 -5.6034 -0.0082 0.0157 0.9978 -0.0645
393.0000 44.2090 10.8087 -5.6473 -0.0072 0.0157 0.9978 -0.0644
394.0000 44.1755 10.8363 -5.6483 -0.0070 0.0155 0.9978 -0.0644
395.0000 44.1900 10.7660 -5.6465 -0.0070 0.0156 0.9978 -0.0636
396.0000 44.2071 10.7961 -5.6684 -0.0070 0.0160 0.9978 -0.0639
397.0000 44.2076 10.8095 -5.6424 -0.0070 0.0155 0.9978 -0.0644
398.0000 44.2345 10.7561 -5.6446 -0.0071 0.0158 0.9978 -0.0642
399.0000 44.2062 10.8150 -5.6436 -0.0072 0.0155 0.9978 -0.0644
400.0000 44.1903 10.8210 -5.5993 -0.0083 0.0159 0.9978 -0.0642
401.0000 44.1984 10.7264 -5.6315 -0.0067 0.0161 0.9978 -0.0639
402.0000 44.1692 10.8104 -5.6754 -0.0046 0.0162 0.9978 -0.0641
403.0000 44.1833 10.8028 -5.6487 -0.0043 0.0162 0.9978 -0.0637
404.0000 44.1928 10.8016 -5.6460 -0.0041 0.0163 0.9978 -0.0644
405.0000 44.1210 10.8031 -5.6256 -0.0042 0.0166 0.9978 -0.0638
406.0000 44.0455 10.7768 -5.5956 -0.0038 0.0168 0.9978 -0.0645
407.0000 43.9035 10.7305 -5.5914 -0.0027 0.0163 0.9978 -0.0636
408.0000 43.8235 10.7611 -5.6129 -0.0022 0.0166 0.9978 -0.0638
409.0000 43.6989 10.7406 -5.6113 -0.0027 0.0167 0.9978 -0.0636
410.0000 43.4809 10.6458 -5.6400 -0.0018 0.0170 0.9978 -0.0633
411.0000 43.3344 10.6842 -5.6382 -0.0015 0.0172 0.9978 -0.0643
412.0000 43.1452 10.6114 -5.6575 -0.0012 0.0177 0.9978 -0.0644
413.0000 42.9093 10.5986 -5.6611 -0.0016 0.0174 0.9978 -0.0641
414.0000 42.6502 10.5689 -5.6885 -0.0009 0.0175 0.9977 -0.0648
415.0000 42.4631 10.5847 -5.6779 -0.0015 0.0175 0.9978 -0.0640
416.0000 42.1674 10.5323 -5.6987 -0.0010 0.0174 0.9977 -0.0650
417.0000 41.7910 10.4077 -5.6922 -0.0010 0.0176 0.9977 -0.0651
418.0000 41.5151 10.4239 -5.6758 -0.0013 0.0178 0.9978 -0.0643
419.0000 41.1371 10.3204 -5.6906 -0.0008 0.0182 0.9977 -0.0649
420.0000 40.7277 10.3115 -5.6903 -0.0003 0.0181 0.9977 -0.0652
421.0000 40.2354 10.1340 -5.7241 -0.0002 0.0177 0.9978 -0.0637
422.0000 39.9070 10.1232 -5.7184 -0.0019 0.0174 0.9978 -0.0634
423.0000 39.4378 10.0162 -5.7196 -0.0035 0.0180 0.9978 -0.0637
424.0000 39.0159 10.0035 -5.7325 -0.0042 0.0179 0.9978 -0.0633
425.0000 38.5840 9.9734 -5.7508 -0.0043 0.0185 0.9978 -0.0634
426.0000 38.1924 9.9106 -5.7539 -0.0044 0.0190 0.9978 -0.0627
427.0000 37.5197 9.9138 -5.7557 -0.0040 0.0190 0.9979 -0.0611
428.0000 37.0633 9.7850 -5.7865 -0.0027 0.0200 0.9979 -0.0614
429.0000 36.5947 9.7933 -5.7844 -0.0014 0.0195 0.9979 -0.0621
430.0000 36.0097 9.7258 -5.8011 -0.0008 0.0194 0.9979 -0.0615
431.0000 35.3107 9.5580 -5.8340 -0.0008 0.0191 0.9979 -0.0612
432.0000 34.8188 9.4946 -5.8251 -0.0007 0.0193 0.9980 -0.0610
433.0000 34.2323 9.4745 -5.8068 -0.0021 0.0200 0.9980 -0.0597
434.0000 33.6097 9.4180 -5.8272 -0.0029 0.0196 0.9981 -0.0589
435.0000 32.9803 9.3806 -5.8477 -0.0039 0.0187 0.9981 -0.0589
436.0000 32.3712 9.3487 -5.8558 -0.0039 0.0182 0.9982 -0.0579
437.0000 31.7811 9.2934 -5.8554 -0.0056 0.0183 0.9982 -0.0571
438.0000 31.0591 9.1280 -5.8890 -0.0045 0.0185 0.9981 -0.0579
439.0000 30.4879 9.0920 -5.8894 -0.0048 0.0178 0.9981 -0.0580
440.0000 29.9993 9.0383 -5.9016 -0.0048 0.0176 0.9982 -0.0577
441.0000 29.2457 8.9491 -5.9078 -0.0052 0.0178 0.9982 -0.0569
442.0000 28.7012 8.8382 -5.9209 -0.0056 0.0175 0.9982 -0.0572
443.0000 28.0744 8.8098 -5.9361 -0.0047 0.0179 0.9982 -0.0568
444.0000 27.4096 8.8351 -5.9460 -0.0072 0.0190 0.9980 -0.0591
445.0000 26.7878 8.6739 -5.9772 -0.0073 0.0182 0.9981 -0.0580
446.0000 26.2141 8.6549 -5.9957 -0.0054 0.0176 0.9981 -0.0580
447.0000 25.6211 8.5394 -6.0000 -0.0048 0.0164 0.9982 -0.0577
448.0000 25.0174 8.4881 -5.9899 -0.0043 0.0173 0.9982 -0.0573
449.0000 24.3736 8.4058 -6.0191 -0.0046 0.0176 0.9982 -0.0575
450.0000 23.7050 8.3255 -6.0403 -0.0038 0.0168 0.9982 -0.0569
451.0000 22.9466 8.2178 -6.0710 -0.0039 0.0159 0.9983 -0.0560
452.0000 22.3578 8.2052 -6.0687 -0.0055 0.0153 0.9982 -0.0573
453.0000 21.6732 8.1037 -6.0502 -0.0057 0.0152 0.9982 -0.0572
454.0000 20.9413 7.9954 -6.0855 -0.0046 0.0171 0.9982 -0.0573
455.0000 20.2220 7.9686 -6.0796 -0.0022 0.0180 0.9982 -0.0577
456.0000 19.4769 7.9757 -6.1113 -0.0005 0.0178 0.9981 -0.0583
457.0000 18.8030 7.8151 -6.1146 -0.0005 0.0183 0.9982 -0.0569
458.0000 18.0038 7.8093 -6.1495 -0.0016 0.0179 0.9983 -0.0560
459.0000 17.2234 7.6643 -6.1606 -0.0033 0.0185 0.9981 -0.0578
460.0000 16.5507 7.5941 -6.1532 -0.0040 0.0180 0.9982 -0.0567
461.0000 15.7311 7.4829 -6.2017 -0.0058 0.0175 0.9982 -0.0571
462.0000 14.9391 7.5049 -6.1899 -0.0055 0.0170 0.9982 -0.0567
463.0000 14.1127 7.3591 -6.2134 -0.0053 0.0180 0.9982 -0.0564
464.0000 12.4428 7.1291 -6.2696 -0.0032 0.0195 0.9982 -0.0573
465.0000 11.5878 7.0116 -6.2913 -0.0017 0.0204 0.9982 -0.0565
466.0000 10.7436 6.9947 -6.3290 -0.0007 0.0209 0.9982 -0.0566
467.0000 9.8370 6.9201 -6.3427 -0.0016 0.0218 0.9981 -0.0576
468.0000 8.8886 6.7986 -6.3520 -0.0016 0.0226 0.9981 -0.0569
469.0000 7.9094 6.7610 -6.3788 -0.0013 0.0236 0.9981 -0.0573
470.0000 7.0034 6.6435 -6.4422 -0.0018 0.0233 0.9981 -0.0567
471.0000 6.0499 6.5596 -6.4500 -0.0024 0.0228 0.9981 -0.0569
472.0000 5.0503 6.4697 -6.4700 -0.0036 0.0227 0.9981 -0.0580
473.0000 4.0630 6.3738 -6.4533 -0.0013 0.0225 0.9981 -0.0572
474.0000 3.9972 7.5304 -6.4520 0.0018 0.0246 0.9958 -0.0878
475.0000 2.0909 6.1320 -6.5284 0.0019 0.0235 0.9981 -0.0563
476.0000 2.1594 7.8639 -6.5681 -0.0030 0.0245 0.9970 -0.0735
477.0000 0.6696 7.6540 -6.5592 -0.0056 0.0235 0.9967 -0.0776
478.0000 -1.1657 5.8098 -6.5782 -0.0062 0.0236 0.9982 -0.0555
479.0000 -1.7189 7.8476 -6.5886 -0.0059 0.0224 0.9970 -0.0732
480.0000 -3.3620 5.5569 -6.6010 -0.0051 0.0218 0.9982 -0.0552
481.0000 -4.4425 5.4106 -6.6419 -0.0058 0.0208 0.9982 -0.0555
482.0000 -5.5589 5.2684 -6.6743 -0.0064 0.0215 0.9982 -0.0562
483.0000 -6.1190 8.4189 -6.7177 -0.0087 0.0207 0.9973 -0.0706
484.0000 -7.9055 5.1791 -6.7301 -0.0092 0.0202 0.9982 -0.0549
485.0000 -8.7649 5.7149 -6.7396 -0.0090 0.0195 0.9969 -0.0763
486.0000 -9.5771 7.4473 -6.7685 -0.0095 0.0174 0.9975 -0.0672
487.0000 -10.3730 7.9801 -6.8624 -0.0102 0.0175 0.9973 -0.0711
488.0000 -12.4347 4.6136 -6.8172 -0.0092 0.0182 0.9983 -0.0550
489.0000 -13.4729 4.4277 -6.8114 -0.0093 0.0177 0.9982 -0.0561
490.0000 -14.6564 4.3244 -6.8487 -0.0089 0.0175 0.9983 -0.0557
491.0000 -15.7963 4.0819 -6.8941 -0.0096 0.0189 0.9982 -0.0567
