0.0000 130.3143 10.2326 -7.8352 0.0111 -0.0147 0.9983 -0.0556
1.0000 128.6404 12.5950 0.5102 -0.0342 -0.0169 0.9968 -0.0700
2.0000 126.4898 15.5265 -12.1576 0.0285 0.0211 0.9958 -0.0846
3.0000 125.8140 7.5239 -6.3471 0.0047 -0.0049 0.9991 -0.0410
4.0000 124.7563 12.5244 -5.7663 -0.0038 -0.0093 0.9974 -0.0716
5.0000 123.9895 8.8038 -3.8368 -0.0083 0.0240 0.9984 -0.0507
6.0000 122.1777 8.4898 -7.4241 0.0106 -0.0073 0.9987 -0.0494
7.0000 121.5499 8.9453 -6.5131 0.0039 0.0180 0.9983 -0.0553
8.0000 119.1052 18.4670 -3.3125 -0.0118 0.0156 0.9948 -0.1001
9.0000 119.0387 21.1134 -4.3137 -0.0090 -0.0066 0.9927 -0.1200
10.0000 117.8435 11.2052 -8.0293 0.0138 -0.0028 0.9979 -0.0635
11.0000 115.3862 15.6778 -12.8681 0.0335 0.0019 0.9961 -0.0813
12.0000 114.9979 11.4497 -12.8016 0.0337 0.0011 0.9973 -0.0657
13.0000 114.3454 9.3897 -9.9576 0.0207 0.0125 0.9980 -0.0577
14.0000 113.4831 9.6898 -7.5435 0.0128 0.0008 0.9984 -0.0551
15.0000 112.5178 11.2786 -4.7053 -0.0018 0.0124 0.9981 -0.0609
16.0000 111.2454 10.0136 -6.3716 0.0079 -0.0018 0.9982 -0.0596
17.0000 110.3089 9.9221 -7.4427 0.0136 -0.0046 0.9982 -0.0583
18.0000 108.8458 14.0654 -8.2564 0.0173 -0.0036 0.9966 -0.0806
19.0000 107.3911 15.0218 -9.9419 0.0249 -0.0086 0.9961 -0.0840
20.0000 105.5813 16.2357 -8.9864 0.0143 -0.0086 0.9953 -0.0956
21.0000 106.2410 11.2971 -9.6021 0.0182 -0.0247 0.9978 -0.0586
22.0000 104.2300 12.7288 -9.9389 0.0283 -0.0113 0.9974 -0.0651
23.0000 104.1671 11.6486 -8.2863 0.0122 -0.0197 0.9978 -0.0620
24.0000 103.0553 11.0151 -12.3669 0.0386 -0.0071 0.9976 -0.0571
25.0000 102.5276 11.3589 -4.9056 -0.0042 0.0343 0.9975 -0.0614
26.0000 100.7719 12.0093 -8.2127 0.0148 -0.0268 0.9975 -0.0634
27.0000 100.2811 11.6858 -2.2088 -0.0202 0.0053 0.9978 -0.0634
28.0000 98.6508 12.4479 -8.2343 0.0114 -0.0148 0.9977 -0.0658
29.0000 98.5557 10.9922 -6.4346 0.0052 -0.0158 0.9981 -0.0589
30.0000 97.2010 11.7958 -2.9660 -0.0148 -0.0027 0.9977 -0.0661
31.0000 96.1279 11.4307 -4.7726 -0.0049 -0.0036 0.9978 -0.0656
32.0000 95.4861 10.8819 -5.0583 -0.0034 -0.0060 0.9981 -0.0616
33.0000 94.4892 11.6205 -1.8621 -0.0222 0.0070 0.9975 -0.0674
34.0000 93.5690 10.6970 -1.8454 -0.0218 0.0092 0.9978 -0.0623
35.0000 92.3904 11.2865 -2.4812 -0.0188 0.0085 0.9975 -0.0680
36.0000 91.1205 11.1916 -2.6963 -0.0184 0.0044 0.9977 -0.0645
37.0000 90.3715 11.8762 -3.1923 -0.0152 0.0077 0.9975 -0.0686
38.0000 88.5477 11.6098 -4.9277 -0.0062 0.0094 0.9984 -0.0559
39.0000 87.9189 12.0928 -6.8881 0.0034 0.0203 0.9971 -0.0731
40.0000 86.9649 11.3604 -8.0800 0.0096 0.0151 0.9976 -0.0663
41.0000 85.5080 12.9600 -8.4446 0.0144 0.0069 0.9967 -0.0799
42.0000 85.0427 12.3909 -8.4606 0.0138 0.0068 0.9970 -0.0763
43.0000 83.6901 12.3401 -8.7400 0.0166 0.0095 0.9968 -0.0770
44.0000 83.5563 11.6141 -6.5641 0.0016 0.0246 0.9975 -0.0664
45.0000 82.9165 12.7944 -6.2712 -0.0007 0.0159 0.9971 -0.0746
46.0000 81.8916 11.4186 -5.8182 -0.0028 0.0255 0.9972 -0.0696
47.0000 81.0407 12.1719 -5.6784 -0.0017 0.0167 0.9969 -0.0765
48.0000 80.0603 11.6352 -8.3581 0.0194 0.0065 0.9975 -0.0682
49.0000 79.2750 10.4687 -7.1500 0.0022 -0.0004 0.9979 -0.0643
50.0000 78.5599 14.2145 -5.6885 -0.0079 0.0128 0.9986 -0.0507
51.0000 77.6671 11.8091 -7.3820 0.0135 0.0099 0.9974 -0.0698
52.0000 77.4896 11.5586 -5.8485 -0.0019 0.0188 0.9977 -0.0654
53.0000 76.1875 13.8193 -6.8628 -0.0029 0.0054 0.9988 -0.0496
54.0000 75.0947 13.6020 -6.6467 -0.0027 0.0057 0.9967 -0.0815
55.0000 75.1802 12.4506 -5.7474 -0.0072 0.0163 0.9973 -0.0715
56.0000 74.0734 11.6680 -6.0400 -0.0005 0.0260 0.9973 -0.0692
57.0000 73.0827 12.3974 -5.6333 -0.0081 0.0201 0.9967 -0.0779
58.0000 73.0820 11.6224 -5.9473 0.0010 0.0270 0.9973 -0.0676
59.0000 71.6612 13.8200 -5.1579 -0.0103 0.0210 0.9983 -0.0540
60.0000 70.9593 13.7571 -5.6975 -0.0067 0.0167 0.9984 -0.0535
61.0000 70.9920 10.2174 -6.2886 -0.0027 0.0174 0.9983 -0.0561
62.0000 69.5016 13.2910 -5.8918 -0.0052 0.0164 0.9985 -0.0519
63.0000 68.7896 13.4923 -6.0540 -0.0056 0.0116 0.9984 -0.0551
64.0000 68.0627 13.4511 -6.4471 -0.0024 0.0069 0.9984 -0.0556
65.0000 68.3085 11.1758 -6.2238 -0.0029 0.0097 0.9980 -0.0629
66.0000 66.7158 13.4110 -6.0250 -0.0070 0.0126 0.9982 -0.0581
67.0000 66.1749 13.1197 -5.9703 -0.0063 0.0166 0.9983 -0.0561
68.0000 65.5842 13.1681 -5.9932 -0.0066 0.0113 0.9983 -0.0575
69.0000 64.8899 13.1288 -5.9728 -0.0053 0.0087 0.9983 -0.0582
70.0000 64.3525 13.0083 -5.1866 -0.0097 0.0229 0.9980 -0.0579
71.0000 63.7336 13.0596 -6.1934 -0.0064 0.0118 0.9981 -0.0603
72.0000 63.0428 12.9618 -5.0810 -0.0132 0.0199 0.9979 -0.0600
73.0000 62.5534 13.0303 -5.2669 -0.0105 0.0202 0.9979 -0.0614
74.0000 61.9032 12.7933 -5.3049 -0.0100 0.0197 0.9979 -0.0607
75.0000 61.3541 12.7311 -5.6011 -0.0084 0.0143 0.9980 -0.0607
76.0000 60.7585 12.8116 -5.2634 -0.0107 0.0219 0.9977 -0.0626
77.0000 60.2063 12.5637 -5.5998 -0.0081 0.0203 0.9979 -0.0615
78.0000 59.6825 12.5816 -5.4334 -0.0093 0.0196 0.9978 -0.0632
79.0000 59.1986 12.5094 -5.5633 -0.0089 0.0224 0.9977 -0.0628
80.0000 58.6567 12.4698 -5.7869 -0.0094 0.0190 0.9977 -0.0644
81.0000 58.0805 12.4001 -5.7441 -0.0091 0.0141 0.9978 -0.0648
82.0000 57.6809 12.2870 -5.3005 -0.0106 0.0213 0.9977 -0.0639
83.0000 57.1378 12.1682 -5.5990 -0.0089 0.0182 0.9977 -0.0640
84.0000 56.6164 12.1771 -5.4031 -0.0077 0.0182 0.9977 -0.0645
85.0000 56.1883 12.0839 -5.8491 -0.0074 0.0119 0.9978 -0.0650
86.0000 55.6146 11.9691 -5.7739 -0.0069 0.0127 0.9978 -0.0640
87.0000 55.2547 12.0366 -5.6996 -0.0080 0.0163 0.9977 -0.0656
88.0000 54.8097 11.9140 -5.8823 -0.0054 0.0116 0.9979 -0.0632
89.0000 54.3518 12.0567 -5.5886 -0.0089 0.0130 0.9977 -0.0661
90.0000 53.9450 11.9151 -5.7733 -0.0075 0.0104 0.9978 -0.0654
91.0000 53.5083 11.8153 -5.6100 -0.0096 0.0151 0.9977 -0.0649
92.0000 53.1319 11.7224 -5.5221 -0.0103 0.0151 0.9978 -0.0640
93.0000 52.7018 11.7302 -5.6484 -0.0080 0.0138 0.9978 -0.0636
94.0000 52.3451 11.6518 -5.5696 -0.0103 0.0164 0.9978 -0.0638
95.0000 51.9368 11.4967 -5.6097 -0.0094 0.0168 0.9979 -0.0620
96.0000 51.5566 11.5302 -5.7451 -0.0085 0.0161 0.9979 -0.0624
97.0000 51.1949 11.4509 -5.6241 -0.0075 0.0161 0.9980 -0.0609
98.0000 50.9654 11.4561 -6.3853 -0.0059 0.0014 0.9981 -0.0617
99.0000 50.6576 11.5512 -6.2298 -0.0054 0.0044 0.9980 -0.0626
100.0000 50.4006 11.4079 -5.6211 -0.0051 0.0168 0.9980 -0.0609
101.0000 50.1010 11.3460 -5.7841 -0.0041 0.0160 0.9980 -0.0603
102.0000 49.7987 11.3947 -5.8389 -0.0049 0.0098 0.9981 -0.0612
103.0000 49.5957 11.3595 -5.4138 -0.0084 0.0143 0.9980 -0.0615
104.0000 49.3456 11.2966 -5.5286 -0.0081 0.0143 0.9980 -0.0609
105.0000 49.0489 11.2898 -5.5120 -0.0046 0.0153 0.9980 -0.0611
106.0000 48.7993 11.1982 -5.5229 -0.0049 0.0181 0.9980 -0.0611
107.0000 48.6164 11.3089 -5.4749 -0.0052 0.0162 0.9979 -0.0622
108.0000 48.3838 11.3156 -5.5832 -0.0049 0.0150 0.9979 -0.0624
109.0000 48.1567 11.2050 -5.8724 -0.0016 0.0111 0.9981 -0.0608
110.0000 47.9907 11.1083 -5.5214 -0.0075 0.0143 0.9980 -0.0614
111.0000 47.8261 11.1690 -5.5399 -0.0057 0.0140 0.9979 -0.0624
112.0000 47.5974 11.0138 -5.4367 -0.0087 0.0135 0.9980 -0.0608
113.0000 47.3728 10.9796 -5.6821 -0.0046 0.0134 0.9981 -0.0607
114.0000 47.2504 11.0137 -5.5499 -0.0074 0.0101 0.9980 -0.0619
115.0000 47.1236 10.9450 -5.5604 -0.0083 0.0146 0.9980 -0.0610
116.0000 46.8762 10.9631 -5.7802 -0.0043 0.0162 0.9979 -0.0619
117.0000 46.7128 10.9853 -5.8858 -0.0062 0.0110 0.9980 -0.0612
118.0000 46.5935 10.9536 -5.5510 -0.0087 0.0152 0.9979 -0.0626
119.0000 46.5065 11.0491 -5.5902 -0.0094 0.0151 0.9979 -0.0630
120.0000 46.2825 10.9939 -5.9851 -0.0056 0.0110 0.9979 -0.0632
121.0000 46.2190 10.9401 -5.8733 -0.0077 0.0126 0.9979 -0.0626
122.0000 46.0577 10.9718 -5.8146 -0.0057 0.0110 0.9979 -0.0634
123.0000 45.9663 10.8892 -5.5456 -0.0103 0.0182 0.9978 -0.0628
124.0000 45.7883 10.8296 -5.3598 -0.0080 0.0180 0.9978 -0.0627
125.0000 45.6571 10.8595 -5.6052 -0.0069 0.0157 0.9979 -0.0625
126.0000 45.4739 10.9674 -5.6849 -0.0073 0.0141 0.9978 -0.0645
127.0000 45.4013 10.9511 -5.5595 -0.0088 0.0142 0.9978 -0.0640
128.0000 45.2907 10.9264 -5.6466 -0.0075 0.0141 0.9978 -0.0639
129.0000 45.1999 10.9063 -5.6561 -0.0097 0.0147 0.9978 -0.0643
130.0000 45.1067 10.8131 -5.5882 -0.0078 0.0139 0.9979 -0.0635
131.0000 44.9885 10.8407 -5.6215 -0.0077 0.0148 0.9978 -0.0649
132.0000 44.9870 10.9341 -5.6892 -0.0085 0.0128 0.9978 -0.0646
133.0000 44.8735 10.8419 -5.6395 -0.0095 0.0152 0.9978 -0.0640
134.0000 44.7747 10.7912 -5.5718 -0.0079 0.0155 0.9978 -0.0637
135.0000 44.6819 10.8027 -5.5647 -0.0079 0.0150 0.9978 -0.0645
136.0000 44.6261 10.7599 -5.5572 -0.0079 0.0158 0.9978 -0.0641
137.0000 44.5724 10.8292 -5.6035 -0.0085 0.0142 0.9978 -0.0639
138.0000 44.5093 10.7738 -5.6326 -0.0071 0.0161 0.9978 -0.0646
139.0000 44.4693 10.8655 -5.5881 -0.0076 0.0147 0.9978 -0.0649
140.0000 44.4358 10.8649 -5.6228 -0.0076 0.0149 0.9977 -0.0650
141.0000 44.3709 10.7282 -5.5592 -0.0074 0.0166 0.9978 -0.0638
142.0000 44.3117 10.8373 -5.6916 -0.0067 0.0146 0.9978 -0.0647
143.0000 44.2380 10.7603 -5.5404 -0.0072 0.0163 0.9978 -0.0636
144.0000 44.2914 10.8252 -5.6807 -0.0072 0.0142 0.9978 -0.0641
145.0000 44.2619 10.7207 -5.6075 -0.0073 0.0159 0.9978 -0.0640
146.0000 44.2373 10.7519 -5.7247 -0.0048 0.0137 0.9979 -0.0637
147.0000 44.2093 10.7161 -5.8515 -0.0059 0.0116 0.9979 -0.0635
148.0000 44.1497 10.7017 -5.6964 -0.0070 0.0125 0.9979 -0.0634
149.0000 44.1579 10.6775 -5.7620 -0.0064 0.0129 0.9979 -0.0631
150.0000 44.1268 10.7303 -5.7225 -0.0067 0.0131 0.9979 -0.0634
151.0000 44.1420 10.7843 -5.7144 -0.0068 0.0156 0.9978 -0.0647
152.0000 44.1118 10.7651 -5.8594 -0.0063 0.0132 0.9979 -0.0638
153.0000 44.1472 10.8154 -5.8126 -0.0066 0.0116 0.9978 -0.0642
154.0000 44.1640 10.7590 -5.8177 -0.0066 0.0129 0.9978 -0.0642
155.0000 44.1521 10.7283 -5.7532 -0.0066 0.0122 0.9979 -0.0634
156.0000 44.1594 10.8051 -5.7075 -0.0064 0.0146 0.9978 -0.0637
157.0000 44.1567 10.7802 -5.7403 -0.0065 0.0149 0.9978 -0.0637
158.0000 44.1283 10.8170 -5.6746 -0.0069 0.0153 0.9978 -0.0641
159.0000 44.1528 10.7569 -5.7991 -0.0065 0.0132 0.9978 -0.0640
160.0000 44.1464 10.7616 -5.8750 -0.0060 0.0130 0.9979 -0.0635
161.0000 44.1420 10.6921 -5.8261 -0.0045 0.0137 0.9979 -0.0633
162.0000 44.1546 10.7320 -5.7279 -0.0065 0.0140 0.9979 -0.0635
163.0000 44.1762 10.7677 -5.7992 -0.0065 0.0141 0.9978 -0.0638
164.0000 44.1129 10.7179 -5.8149 -0.0064 0.0123 0.9979 -0.0635
165.0000 44.2141 10.6725 -5.8142 -0.0046 0.0135 0.9979 -0.0634
166.0000 44.1450 10.7638 -5.6471 -0.0067 0.0155 0.9978 -0.0646
167.0000 44.1787 10.7034 -5.7406 -0.0065 0.0126 0.9979 -0.0636
168.0000 44.1960 10.7636 -5.6397 -0.0069 0.0156 0.9978 -0.0639
169.0000 44.1670 10.7520 -5.7602 -0.0068 0.0139 0.9978 -0.0639
170.0000 44.1454 10.7158 -5.7734 -0.0043 0.0129 0.9979 -0.0634
171.0000 44.1091 10.7394 -5.7932 -0.0043 0.0139 0.9979 -0.0631
172.0000 44.1217 10.7068 -5.8219 -0.0046 0.0135 0.9979 -0.0633
173.0000 44.1782 10.7194 -5.7604 -0.0066 0.0116 0.9979 -0.0638
174.0000 44.1512 10.7106 -5.8436 -0.0043 0.0140 0.9979 -0.0633
175.0000 44.1429 10.6636 -5.7821 -0.0063 0.0137 0.9979 -0.0631
176.0000 44.1825 10.6749 -5.7621 -0.0064 0.0142 0.9979 -0.0634
177.0000 44.1149 10.6906 -5.8394 -0.0046 0.0131 0.9979 -0.0629
178.0000 44.1480 10.7401 -5.6668 -0.0069 0.0158 0.9978 -0.0637
179.0000 44.1627 10.7558 -5.6486 -0.0072 0.0160 0.9978 -0.0638
180.0000 44.1880 10.8076 -5.6918 -0.0072 0.0154 0.9978 -0.0640
181.0000 44.2055 10.7477 -5.7565 -0.0067 0.0137 0.9978 -0.0641
182.0000 44.1310 10.7762 -5.7102 -0.0068 0.0136 0.9978 -0.0639
183.0000 44.1998 10.7433 -5.6661 -0.0072 0.0154 0.9978 -0.0642
184.0000 44.1639 10.7738 -5.8054 -0.0044 0.0128 0.9979 -0.0639
185.0000 44.1620 10.7624 -5.6819 -0.0066 0.0151 0.9978 -0.0641
186.0000 44.2085 10.7886 -5.6480 -0.0069 0.0156 0.9978 -0.0642
187.0000 44.1391 10.7719 -5.6975 -0.0069 0.0139 0.9978 -0.0641
188.0000 44.1591 10.6802 -5.8387 -0.0063 0.0117 0.9979 -0.0637
189.0000 44.1753 10.7680 -5.6673 -0.0069 0.0150 0.9978 -0.0638
190.0000 44.1774 10.7371 -5.6470 -0.0068 0.0176 0.9978 -0.0637
191.0000 44.1847 10.7124 -5.7786 -0.0062 0.0143 0.9979 -0.0636
192.0000 44.1762 10.7646 -5.7820 -0.0047 0.0129 0.9979 -0.0635
193.0000 44.1842 10.7203 -5.7810 -0.0044 0.0139 0.9979 -0.0637
194.0000 44.1535 10.6875 -5.6691 -0.0068 0.0150 0.9979 -0.0633
195.0000 44.2075 10.7659 -5.7399 -0.0070 0.0137 0.9978 -0.0638
196.0000 44.1590 10.6988 -5.6285 -0.0071 0.0161 0.9978 -0.0637
197.0000 44.1780 10.6637 -5.6730 -0.0066 0.0163 0.9978 -0.0634
198.0000 44.1492 10.6913 -5.7294 -0.0066 0.0151 0.9979 -0.0632
199.0000 44.1371 10.7003 -5.7859 -0.0066 0.0133 0.9979 -0.0630
200.0000 44.1390 10.7207 -5.7057 -0.0068 0.0149 0.9978 -0.0637
201.0000 44.1929 10.7820 -5.7261 -0.0068 0.0146 0.9978 -0.0639
202.0000 44.1864 10.7560 -5.7193 -0.0069 0.0148 0.9978 -0.0640
203.0000 44.1420 10.7228 -5.8146 -0.0042 0.0123 0.9979 -0.0636
204.0000 44.1659 10.7615 -5.7765 -0.0062 0.0133 0.9979 -0.0638
205.0000 44.1711 10.7186 -5.6193 -0.0072 0.0150 0.9978 -0.0641
206.0000 44.1413 10.7530 -5.9441 -0.0057 0.0115 0.9979 -0.0636
207.0000 44.1705 10.7148 -5.8628 -0.0043 0.0125 0.9979 -0.0634
208.0000 44.0911 10.7617 -5.7803 -0.0062 0.0143 0.9978 -0.0649
209.0000 44.2031 10.7130 -5.6814 -0.0070 0.0142 0.9978 -0.0637
210.0000 44.2105 10.7072 -5.7192 -0.0068 0.0150 0.9978 -0.0637
211.0000 44.1538 10.7444 -5.7694 -0.0047 0.0129 0.9979 -0.0636
212.0000 44.1492 10.7520 -5.6160 -0.0069 0.0153 0.9978 -0.0646
213.0000 44.1322 10.6829 -5.7180 -0.0048 0.0148 0.9978 -0.0637
214.0000 44.1751 10.7089 -5.8054 -0.0063 0.0128 0.9979 -0.0634
215.0000 44.1440 10.7244 -5.8145 -0.0063 0.0114 0.9979 -0.0635
216.0000 44.1826 10.7029 -5.7539 -0.0067 0.0117 0.9979 -0.0631
217.0000 44.1362 10.7368 -5.7943 -0.0063 0.0160 0.9978 -0.0645
218.0000 44.1545 10.7641 -5.7443 -0.0065 0.0142 0.9978 -0.0645
219.0000 44.1767 10.6937 -5.6698 -0.0070 0.0139 0.9979 -0.0631
220.0000 44.1722 10.7467 -5.5967 -0.0073 0.0166 0.9978 -0.0639
221.0000 44.1662 10.7120 -5.7122 -0.0070 0.0132 0.9979 -0.0632
222.0000 44.1530 10.7098 -5.7939 -0.0066 0.0122 0.9979 -0.0633
223.0000 44.1647 10.7860 -5.7632 -0.0067 0.0130 0.9979 -0.0638
224.0000 44.1745 10.7338 -5.6661 -0.0070 0.0155 0.9978 -0.0638
225.0000 44.1527 10.7353 -5.7585 -0.0064 0.0137 0.9978 -0.0640
226.0000 44.1694 10.7053 -5.7913 -0.0065 0.0129 0.9979 -0.0638
227.0000 44.1575 10.7196 -5.6049 -0.0069 0.0158 0.9978 -0.0634
228.0000 44.1383 10.7192 -5.7823 -0.0065 0.0123 0.9979 -0.0635
229.0000 44.1473 10.7539 -5.7883 -0.0045 0.0127 0.9978 -0.0645
230.0000 44.1693 10.7445 -5.7999 -0.0045 0.0126 0.9979 -0.0639
231.0000 44.1968 10.6993 -5.6501 -0.0074 0.0143 0.9978 -0.0639
232.0000 44.1539 10.7081 -5.8355 -0.0065 0.0137 0.9979 -0.0631
233.0000 44.2200 10.7587 -5.7759 -0.0065 0.0130 0.9979 -0.0635
234.0000 44.1539 10.7500 -5.7321 -0.0065 0.0150 0.9978 -0.0637
235.0000 44.1573 10.7914 -5.8349 -0.0065 0.0124 0.9979 -0.0640
236.0000 44.1584 10.7212 -5.8394 -0.0046 0.0128 0.9979 -0.0633
237.0000 44.1806 10.7530 -5.7611 -0.0065 0.0132 0.9979 -0.0637
238.0000 44.1909 10.7069 -5.7756 -0.0048 0.0129 0.9979 -0.0636
239.0000 44.1673 10.7177 -5.7219 -0.0067 0.0151 0.9978 -0.0635
240.0000 44.1156 10.7166 -5.9008 -0.0060 0.0119 0.9979 -0.0633
241.0000 44.1331 10.7150 -5.7735 -0.0065 0.0130 0.9979 -0.0634
242.0000 44.2028 10.7125 -5.6603 -0.0068 0.0167 0.9978 -0.0636
243.0000 44.1965 10.7264 -5.7286 -0.0070 0.0128 0.9979 -0.0637
244.0000 44.1222 10.7762 -5.7906 -0.0046 0.0119 0.9979 -0.0643
245.0000 44.1421 10.7541 -5.8896 -0.0037 0.0133 0.9979 -0.0637
246.0000 44.1627 10.7294 -5.7674 -0.0065 0.0126 0.9979 -0.0635
247.0000 44.1949 10.7428 -5.6950 -0.0069 0.0138 0.9979 -0.0634
248.0000 44.1336 10.7268 -5.7153 -0.0051 0.0126 0.9979 -0.0635
249.0000 44.1428 10.7386 -5.7267 -0.0066 0.0125 0.9979 -0.0634
250.0000 44.1644 10.7546 -5.7732 -0.0045 0.0138 0.9979 -0.0637
251.0000 44.1743 10.7020 -5.7437 -0.0066 0.0134 0.9979 -0.0631
252.0000 44.2016 10.7661 -5.7263 -0.0067 0.0147 0.9978 -0.0636
253.0000 44.2120 10.7632 -5.8562 -0.0064 0.0123 0.9979 -0.0640
254.0000 44.1987 10.7432 -5.7046 -0.0067 0.0162 0.9978 -0.0641
255.0000 44.1925 10.7249 -5.6695 -0.0072 0.0146 0.9978 -0.0640
256.0000 44.1930 10.7428 -5.6506 -0.0071 0.0154 0.9978 -0.0639
257.0000 44.1528 10.7599 -5.7157 -0.0067 0.0143 0.9978 -0.0640
258.0000 44.1984 10.8120 -5.7147 -0.0064 0.0153 0.9978 -0.0647
259.0000 44.1646 10.6960 -5.8060 -0.0062 0.0142 0.9979 -0.0632
260.0000 44.1681 10.7638 -5.6368 -0.0070 0.0161 0.9978 -0.0639
261.0000 44.2209 10.7620 -5.7401 -0.0063 0.0157 0.9978 -0.0637
262.0000 44.2080 10.7326 -5.7689 -0.0067 0.0135 0.9978 -0.0640
263.0000 44.1591 10.7262 -5.6858 -0.0069 0.0153 0.9978 -0.0647
264.0000 44.1894 10.7742 -5.6829 -0.0076 0.0147 0.9978 -0.0638
265.0000 44.1906 10.6999 -5.7797 -0.0063 0.0135 0.9979 -0.0634
266.0000 44.1825 10.7402 -5.6609 -0.0070 0.0149 0.9978 -0.0636
267.0000 44.2024 10.7642 -5.7705 -0.0066 0.0129 0.9978 -0.0640
268.0000 44.1788 10.7837 -5.6698 -0.0068 0.0153 0.9978 -0.0645
269.0000 44.1535 10.7903 -5.8196 -0.0070 0.0125 0.9978 -0.0642
270.0000 44.1689 10.6820 -5.6426 -0.0067 0.0166 0.9978 -0.0634
271.0000 44.1008 10.7349 -5.6779 -0.0068 0.0150 0.9978 -0.0647
272.0000 44.1776 10.7478 -5.6014 -0.0073 0.0157 0.9978 -0.0636
273.0000 44.2112 10.7249 -5.6814 -0.0069 0.0130 0.9979 -0.0638
274.0000 44.1969 10.7543 -5.7881 -0.0065 0.0133 0.9979 -0.0638
275.0000 44.2027 10.7841 -5.6982 -0.0066 0.0152 0.9977 -0.0650
276.0000 44.1722 10.7240 -5.6648 -0.0076 0.0140 0.9979 -0.0632
277.0000 44.1486 10.7736 -5.6049 -0.0073 0.0156 0.9978 -0.0634
278.0000 44.1863 10.7654 -5.7152 -0.0066 0.0156 0.9978 -0.0636
279.0000 44.1756 10.7207 -5.6585 -0.0066 0.0163 0.9978 -0.0632
280.0000 44.1960 10.7561 -5.6776 -0.0066 0.0161 0.9978 -0.0637
281.0000 44.1877 10.7053 -5.7029 -0.0069 0.0150 0.9979 -0.0632
282.0000 44.2163 10.7655 -5.7085 -0.0068 0.0150 0.9978 -0.0639
283.0000 44.2374 10.7760 -5.6442 -0.0067 0.0176 0.9978 -0.0643
284.0000 44.1633 10.7397 -5.7302 -0.0067 0.0152 0.9978 -0.0638
285.0000 44.1817 10.6923 -5.5587 -0.0072 0.0163 0.9978 -0.0633
286.0000 44.2137 10.8080 -5.8089 -0.0043 0.0125 0.9978 -0.0645
287.0000 44.1435 10.8191 -5.7500 -0.0066 0.0127 0.9979 -0.0639
288.0000 44.2009 10.7625 -5.6287 -0.0074 0.0147 0.9978 -0.0635
289.0000 44.1972 10.7724 -5.8015 -0.0065 0.0135 0.9978 -0.0644
290.0000 44.1651 10.8047 -5.7850 -0.0067 0.0157 0.9978 -0.0640
291.0000 44.2171 10.7282 -5.6065 -0.0072 0.0154 0.9978 -0.0634
292.0000 44.1964 10.7307 -5.6741 -0.0070 0.0162 0.9978 -0.0638
293.0000 44.1739 10.7827 -5.6277 -0.0069 0.0137 0.9978 -0.0638
294.0000 44.2353 10.8249 -5.6914 -0.0074 0.0137 0.9978 -0.0647
295.0000 44.2010 10.7133 -5.7781 -0.0066 0.0131 0.9979 -0.0632
296.0000 44.2029 10.7617 -5.6397 -0.0073 0.0153 0.9978 -0.0635
297.0000 44.1848 10.7519 -5.4911 -0.0077 0.0166 0.9978 -0.0639
298.0000 44.2028 10.7605 -5.7022 -0.0072 0.0144 0.9978 -0.0644
299.0000 44.1855 10.7909 -5.7321 -0.0064 0.0157 0.9978 -0.0643
300.0000 44.1699 10.7534 -5.7265 -0.0068 0.0146 0.9978 -0.0638
301.0000 44.1470 10.7579 -5.7848 -0.0047 0.0126 0.9979 -0.0636
302.0000 44.1729 10.7087 -5.6754 -0.0071 0.0146 0.9979 -0.0635
303.0000 44.1533 10.6394 -5.6787 -0.0068 0.0164 0.9979 -0.0630
304.0000 44.1266 10.7897 -5.6400 -0.0068 0.0152 0.9977 -0.0650
305.0000 44.1643 10.7657 -5.7529 -0.0065 0.0144 0.9978 -0.0646
306.0000 44.1745 10.7350 -5.6566 -0.0068 0.0155 0.9978 -0.0641
307.0000 44.1849 10.6568 -5.6856 -0.0069 0.0147 0.9979 -0.0628
308.0000 44.1148 10.7415 -5.7053 -0.0066 0.0149 0.9978 -0.0637
309.0000 44.1658 10.6518 -5.6372 -0.0070 0.0147 0.9979 -0.0632
310.0000 44.2139 10.7863 -5.6565 -0.0069 0.0159 0.9978 -0.0639
311.0000 44.1427 10.7588 -5.6213 -0.0071 0.0159 0.9978 -0.0642
312.0000 44.1740 10.6853 -5.7550 -0.0060 0.0159 0.9979 -0.0631
313.0000 44.1740 10.7169 -5.7217 -0.0067 0.0125 0.9979 -0.0632
314.0000 44.2238 10.8001 -5.6789 -0.0067 0.0148 0.9978 -0.0637
315.0000 44.2169 10.7589 -5.5924 -0.0069 0.0166 0.9978 -0.0631
316.0000 44.1734 10.7377 -5.6235 -0.0073 0.0160 0.9978 -0.0633
317.0000 44.1926 10.7011 -5.7091 -0.0070 0.0151 0.9978 -0.0648
318.0000 44.1540 10.7795 -5.7159 -0.0069 0.0143 0.9978 -0.0639
319.0000 44.1778 10.7866 -5.7464 -0.0066 0.0136 0.9978 -0.0647
320.0000 44.1521 10.6852 -5.7101 -0.0066 0.0159 0.9979 -0.0631
321.0000 44.1507 10.7359 -5.6458 -0.0070 0.0155 0.9978 -0.0635
322.0000 44.1531 10.7722 -5.8267 -0.0063 0.0145 0.9978 -0.0645
323.0000 44.1794 10.7636 -5.7634 -0.0066 0.0148 0.9978 -0.0641
324.0000 44.1577 10.7388 -5.8009 -0.0065 0.0118 0.9979 -0.0636
325.0000 44.2029 10.8113 -5.8223 -0.0061 0.0135 0.9978 -0.0646
326.0000 44.1644 10.7642 -5.6838 -0.0065 0.0159 0.9978 -0.0641
327.0000 44.2052 10.7463 -5.6766 -0.0072 0.0143 0.9978 -0.0638
328.0000 44.1941 10.7341 -5.7134 -0.0069 0.0150 0.9979 -0.0634
329.0000 44.1956 10.7242 -5.7643 -0.0065 0.0135 0.9979 -0.0636
330.0000 44.1324 10.7081 -5.6650 -0.0068 0.0160 0.9978 -0.0638
331.0000 44.1896 10.7365 -5.7748 -0.0064 0.0150 0.9978 -0.0635
332.0000 44.1820 10.7654 -5.6616 -0.0069 0.0154 0.9978 -0.0637
333.0000 44.2035 10.7564 -5.7742 -0.0065 0.0133 0.9978 -0.0645
334.0000 44.1562 10.7228 -5.7884 -0.0063 0.0122 0.9979 -0.0632
335.0000 44.1937 10.7758 -5.7482 -0.0067 0.0146 0.9978 -0.0639
336.0000 44.1699 10.7508 -5.6940 -0.0068 0.0152 0.9978 -0.0640
337.0000 44.1901 10.7832 -5.6798 -0.0071 0.0138 0.9978 -0.0642
338.0000 44.1867 10.7244 -5.8076 -0.0068 0.0126 0.9979 -0.0634
339.0000 44.1964 10.7332 -5.8402 -0.0045 0.0130 0.9979 -0.0635
340.0000 44.1736 10.6710 -5.6726 -0.0064 0.0161 0.9979 -0.0629
341.0000 44.1381 10.7132 -5.7209 -0.0065 0.0144 0.9979 -0.0634
342.0000 44.1943 10.7884 -5.7372 -0.0065 0.0159 0.9977 -0.0649
343.0000 44.1858 10.7790 -5.7221 -0.0068 0.0142 0.9978 -0.0641
344.0000 44.1600 10.7516 -5.7232 -0.0066 0.0146 0.9978 -0.0636
345.0000 44.2210 10.6923 -5.6282 -0.0073 0.0165 0.9978 -0.0633
346.0000 44.1867 10.6722 -5.7133 -0.0066 0.0145 0.9979 -0.0633
347.0000 44.1823 10.7336 -5.6443 -0.0066 0.0155 0.9978 -0.0637
348.0000 44.1690 10.7628 -5.7344 -0.0068 0.0131 0.9979 -0.0636
349.0000 44.2117 10.6596 -5.7325 -0.0065 0.0164 0.9978 -0.0639
350.0000 44.2155 10.7687 -5.7165 -0.0068 0.0160 0.9978 -0.0641
351.0000 44.1710 10.7510 -5.6915 -0.0069 0.0140 0.9978 -0.0643
352.0000 44.1855 10.6757 -5.7148 -0.0066 0.0128 0.9979 -0.0635
353.0000 44.1800 10.7376 -5.6862 -0.0069 0.0155 0.9978 -0.0636
354.0000 44.1398 10.7350 -5.6319 -0.0067 0.0148 0.9979 -0.0634
355.0000 44.1967 10.6755 -5.7623 -0.0065 0.0132 0.9979 -0.0635
356.0000 44.2059 10.6773 -5.8199 -0.0065 0.0137 0.9979 -0.0633
357.0000 44.1920 10.7391 -5.7224 -0.0072 0.0138 0.9978 -0.0640
358.0000 44.1622 10.6864 -5.6666 -0.0067 0.0157 0.9978 -0.0633
359.0000 44.1206 10.8139 -5.6474 -0.0067 0.0164 0.9977 -0.0653
360.0000 44.1731 10.7582 -5.6762 -0.0068 0.0140 0.9978 -0.0645
361.0000 44.2369 10.7609 -5.7283 -0.0068 0.0146 0.9978 -0.0639
362.0000 44.1629 10.6969 -5.6571 -0.0069 0.0158 0.9978 -0.0634
363.0000 44.1705 10.7082 -5.6533 -0.0073 0.0144 0.9979 -0.0634
364.0000 44.1786 10.7576 -5.6201 -0.0070 0.0176 0.9977 -0.0648
365.0000 44.1556 10.7030 -5.6663 -0.0064 0.0163 0.9978 -0.0636
366.0000 44.1556 10.7105 -5.6254 -0.0074 0.0154 0.9978 -0.0634
367.0000 44.1808 10.7694 -5.6740 -0.0072 0.0136 0.9978 -0.0646
368.0000 44.1903 10.7754 -5.6561 -0.0069 0.0159 0.9978 -0.0640
369.0000 44.1437 10.7448 -5.6445 -0.0071 0.0159 0.9978 -0.0635
370.0000 44.1879 10.8059 -5.6906 -0.0069 0.0166 0.9977 -0.0653
371.0000 44.1151 10.7441 -5.7328 -0.0063 0.0140 0.9978 -0.0645
372.0000 44.1980 10.7495 -5.6441 -0.0069 0.0165 0.9978 -0.0636
373.0000 44.1754 10.7692 -5.6688 -0.0073 0.0132 0.9978 -0.0645
374.0000 44.1594 10.7500 -5.6949 -0.0067 0.0147 0.9978 -0.0638
375.0000 44.1512 10.7392 -5.7502 -0.0065 0.0149 0.9978 -0.0636
376.0000 44.1286 10.7917 -5.7274 -0.0069 0.0144 0.9978 -0.0650
377.0000 44.1512 10.7755 -5.6984 -0.0067 0.0161 0.9978 -0.0643
378.0000 44.2098 10.7399 -5.7231 -0.0067 0.0154 0.9978 -0.0638
379.0000 44.1931 10.7432 -5.6856 -0.0069 0.0151 0.9978 -0.0637
380.0000 44.1513 10.7395 -5.6870 -0.0067 0.0163 0.9978 -0.0635
381.0000 44.1932 10.7223 -5.7673 -0.0062 0.0145 0.9978 -0.0645
382.0000 44.1745 10.7373 -5.7612 -0.0066 0.0130 0.9979 -0.0635
383.0000 44.1833 10.7754 -5.6469 -0.0072 0.0137 0.9978 -0.0639
384.0000 44.1946 10.7836 -5.7557 -0.0079 0.0145 0.9978 -0.0647
385.0000 44.1786 10.7445 -5.7166 -0.0066 0.0143 0.9978 -0.0637
386.0000 44.1729 10.7273 -5.7439 -0.0065 0.0142 0.9979 -0.0634
387.0000 44.1714 10.7586 -5.7269 -0.0068 0.0154 0.9978 -0.0636
388.0000 44.1482 10.7177 -5.6512 -0.0070 0.0162 0.9977 -0.0647
389.0000 44.1539 10.7105 -5.8325 -0.0060 0.0145 0.9979 -0.0634
390.0000 44.1628 10.7669 -5.6433 -0.0069 0.0161 0.9978 -0.0640
391.0000 44.1632 10.7801 -5.7273 -0.0067 0.0149 0.9978 -0.0638
392.0000 44.1784 10.7505 -5.6991 -0.0065 0.0164 0.9978 -0.0640
393.0000 44.2130 10.7843 -5.7526 -0.0066 0.0149 0.9978 -0.0637
394.0000 44.1853 10.7628 -5.6738 -0.0067 0.0162 0.9977 -0.0649
395.0000 44.2214 10.7235 -5.7125 -0.0068 0.0150 0.9978 -0.0640
396.0000 44.2083 10.6955 -5.7251 -0.0069 0.0153 0.9979 -0.0632
397.0000 44.1702 10.7841 -5.6149 -0.0067 0.0169 0.9978 -0.0640
398.0000 44.2077 10.7184 -5.7602 -0.0063 0.0150 0.9978 -0.0637
399.0000 44.2158 10.7209 -5.6944 -0.0066 0.0160 0.9978 -0.0637
400.0000 44.1715 10.7534 -5.7105 -0.0063 0.0171 0.9978 -0.0638
401.0000 44.1942 10.7142 -5.6293 -0.0066 0.0176 0.9978 -0.0635
402.0000 44.1950 10.6819 -5.7068 -0.0065 0.0162 0.9978 -0.0633
403.0000 44.1320 10.7331 -5.6376 -0.0044 0.0163 0.9978 -0.0639
404.0000 44.2217 10.7444 -5.6627 -0.0069 0.0156 0.9978 -0.0643
405.0000 44.1316 10.7324 -5.6355 -0.0061 0.0170 0.9978 -0.0630
406.0000 43.9097 10.7307 -5.6226 -0.0041 0.0165 0.9978 -0.0639
407.0000 43.8766 10.6028 -5.6154 -0.0044 0.0158 0.9979 -0.0619
408.0000 43.8081 10.6736 -5.6225 -0.0032 0.0153 0.9979 -0.0629
409.0000 43.6629 10.6901 -5.6556 -0.0040 0.0149 0.9979 -0.0634
410.0000 43.4959 10.7133 -5.6155 -0.0037 0.0168 0.9979 -0.0628
411.0000 43.3829 10.6436 -5.6160 -0.0037 0.0158 0.9978 -0.0637
412.0000 43.1691 10.6744 -5.6496 -0.0037 0.0155 0.9978 -0.0640
413.0000 42.9410 10.7068 -5.7858 -0.0037 0.0122 0.9979 -0.0642
414.0000 42.7089 10.6320 -5.5782 -0.0034 0.0171 0.9977 -0.0652
415.0000 42.4668 10.5965 -5.6481 -0.0036 0.0161 0.9978 -0.0646
416.0000 42.1297 10.5633 -5.5648 -0.0039 0.0153 0.9978 -0.0646
417.0000 41.8687 10.4678 -5.6040 -0.0035 0.0153 0.9978 -0.0639
418.0000 41.4748 10.4664 -5.6432 -0.0031 0.0165 0.9977 -0.0651
419.0000 41.1602 10.3930 -5.5888 -0.0031 0.0160 0.9978 -0.0644
420.0000 40.7373 10.3781 -5.7117 -0.0033 0.0158 0.9977 -0.0653
421.0000 40.4077 10.3035 -5.7188 -0.0029 0.0156 0.9978 -0.0647
422.0000 39.9106 10.3085 -5.8723 -0.0048 0.0177 0.9977 -0.0647
423.0000 39.4858 10.1659 -5.5919 -0.0066 0.0190 0.9978 -0.0633
424.0000 39.0997 10.0957 -5.6912 -0.0059 0.0164 0.9978 -0.0632
425.0000 38.6205 10.0946 -5.8276 -0.0064 0.0148 0.9978 -0.0643
426.0000 38.1089 10.0488 -5.7193 -0.0066 0.0185 0.9978 -0.0635
427.0000 37.6532 10.0034 -5.7917 -0.0062 0.0172 0.9978 -0.0635
428.0000 37.1088 9.8650 -5.7247 -0.0055 0.0202 0.9979 -0.0615
429.0000 36.6155 9.9267 -5.7659 -0.0033 0.0159 0.9979 -0.0628
430.0000 35.9974 9.8081 -5.8441 -0.0023 0.0171 0.9980 -0.0610
431.0000 35.4033 9.6685 -5.8173 -0.0028 0.0159 0.9980 -0.0610
432.0000 34.8233 9.5940 -6.1065 0.0005 0.0130 0.9981 -0.0604
433.0000 34.1951 9.6282 -5.8619 -0.0030 0.0178 0.9980 -0.0611
434.0000 33.5865 9.4653 -5.8317 -0.0039 0.0160 0.9981 -0.0597
435.0000 33.0044 9.4374 -5.9931 -0.0023 0.0176 0.9981 -0.0590
436.0000 32.4489 9.3654 -5.8324 -0.0058 0.0160 0.9982 -0.0579
437.0000 31.7980 9.3013 -5.8861 -0.0030 0.0144 0.9982 -0.0588
438.0000 31.1530 9.1992 -5.9601 -0.0059 0.0149 0.9982 -0.0578
439.0000 30.5302 9.1686 -5.9799 -0.0031 0.0149 0.9982 -0.0572
440.0000 29.9938 9.0511 -6.0298 -0.0048 0.0135 0.9982 -0.0581
441.0000 29.3276 9.0334 -6.0200 -0.0028 0.0116 0.9983 -0.0579
442.0000 28.7116 8.8989 -5.9869 -0.0052 0.0175 0.9981 -0.0583
443.0000 28.0896 8.8774 -5.9656 -0.0054 0.0160 0.9982 -0.0581
444.0000 27.4517 8.8419 -6.1222 -0.0056 0.0128 0.9982 -0.0581
445.0000 26.8809 8.7560 -6.1872 -0.0047 0.0121 0.9982 -0.0582
446.0000 26.2931 8.7473 -6.2432 -0.0044 0.0129 0.9982 -0.0583
447.0000 25.7121 8.6154 -6.0862 -0.0047 0.0116 0.9982 -0.0584
448.0000 25.0275 8.5395 -6.2310 -0.0039 0.0121 0.9982 -0.0586
449.0000 24.3858 8.4724 -6.1657 -0.0039 0.0124 0.9982 -0.0585
450.0000 23.7155 8.5014 -6.3755 -0.0051 0.0114 0.9983 -0.0573
451.0000 22.9730 8.3608 -6.1612 -0.0015 0.0105 0.9983 -0.0571
452.0000 22.3108 8.2833 -6.1895 -0.0026 0.0086 0.9983 -0.0579
453.0000 21.6992 8.2242 -6.2204 -0.0048 0.0084 0.9983 -0.0580
454.0000 20.9077 8.1020 -6.1554 -0.0041 0.0142 0.9982 -0.0578
455.0000 20.2024 8.0699 -6.1580 -0.0030 0.0170 0.9982 -0.0576
456.0000 19.5282 7.9574 -6.0769 -0.0010 0.0174 0.9981 -0.0583
457.0000 18.8252 7.9257 -6.2082 -0.0010 0.0167 0.9982 -0.0580
458.0000 18.0386 7.8672 -6.1113 -0.0023 0.0131 0.9983 -0.0575
459.0000 17.2911 7.7945 -6.1753 -0.0018 0.0131 0.9983 -0.0573
460.0000 16.5557 7.6747 -6.2162 -0.0063 0.0140 0.9982 -0.0586
461.0000 15.7170 7.5993 -6.0898 -0.0054 0.0147 0.9982 -0.0583
462.0000 14.9207 7.4933 -6.3991 -0.0064 0.0117 0.9983 -0.0574
463.0000 14.0765 7.3684 -6.2805 -0.0039 0.0156 0.9982 -0.0571
464.0000 12.4877 7.2854 -6.4086 -0.0034 0.0127 0.9982 -0.0581
465.0000 11.6363 7.0583 -6.3201 -0.0024 0.0176 0.9982 -0.0576
466.0000 10.6800 7.0279 -6.4506 0.0003 0.0130 0.9982 -0.0577
467.0000 9.7949 6.9460 -6.4568 -0.0016 0.0186 0.9982 -0.0574
468.0000 8.8681 6.8286 -6.5138 -0.0046 0.0209 0.9981 -0.0586
469.0000 7.9464 6.7096 -6.5141 -0.0042 0.0236 0.9980 -0.0578
470.0000 7.0614 6.6840 -6.6219 -0.0043 0.0218 0.9981 -0.0576
471.0000 6.0628 6.5530 -6.5753 -0.0031 0.0224 0.9981 -0.0573
472.0000 5.0503 6.4406 -6.7452 -0.0064 0.0229 0.9980 -0.0578
473.0000 4.0225 6.3202 -6.5210 -0.0034 0.0212 0.9980 -0.0591
474.0000 3.0609 6.2972 -6.6017 0.0004 0.0227 0.9982 -0.0562
475.0000 2.0317 6.1232 -6.9182 -0.0009 0.0208 0.9982 -0.0562
476.0000 0.9293 6.0718 -6.6480 -0.0006 0.0207 0.9982 -0.0555
477.0000 -0.1074 5.9134 -7.0627 -0.0011 0.0093 0.9984 -0.0554
478.0000 -1.0897 5.8127 -7.5417 -0.0004 -0.0012 0.9984 -0.0574
479.0000 -2.3404 5.7514 -7.1816 -0.0001 0.0063 0.9984 -0.0553
480.0000 -3.3750 5.5808 -6.6969 -0.0063 0.0200 0.9983 -0.0551
481.0000 -4.4609 5.4918 -6.7924 -0.0058 0.0157 0.9982 -0.0568
482.0000 -5.6186 5.3534 -6.8493 -0.0055 0.0150 0.9983 -0.0557
483.0000 -6.7220 5.2328 -6.8757 -0.0074 0.0159 0.9983 -0.0555
484.0000 -7.9056 5.1471 -6.6820 -0.0096 0.0184 0.9983 -0.0553
485.0000 -9.0719 5.0120 -6.6353 -0.0088 0.0166 0.9983 -0.0554
486.0000 -10.2428 4.8493 -6.6786 -0.0067 0.0171 0.9983 -0.0555
487.0000 -11.2536 4.7256 -6.8303 -0.0089 0.0170 0.9982 -0.0560
488.0000 -12.4916 4.6001 -6.7480 -0.0082 0.0173 0.9983 -0.0557
489.0000 -13.5765 4.5303 -6.9380 -0.0097 0.0163 0.9983 -0.0553
490.0000 -14.6920 4.3851 -6.6462 -0.0065 0.0163 0.9983 -0.0554
491.0000 -15.4290 6.6784 -6.8709 -0.0123 0.0168 0.9968 -0.0772
