0.0000 130.7037 9.0660 -5.7320 -0.0117 0.0083 0.9985 -0.0521
1.0000 128.5745 8.5488 -5.9865 -0.0036 -0.0092 0.9986 -0.0516
2.0000 128.1660 12.3323 -4.7696 -0.0136 -0.0114 0.9965 -0.0816
3.0000 125.5725 10.5340 -5.5076 -0.0021 -0.0076 0.9983 -0.0582
4.0000 125.0344 17.7875 -5.3801 -0.0071 -0.0073 0.9952 -0.0971
5.0000 123.5076 12.4845 -4.3837 -0.0084 0.0202 0.9974 -0.0687
6.0000 122.9917 15.4171 -5.1794 -0.0117 0.0066 0.9962 -0.0863
7.0000 122.3847 10.2399 -4.4690 -0.0124 0.0302 0.9974 -0.0640
8.0000 119.9498 15.7597 -2.3459 -0.0177 0.0063 0.9957 -0.0908
9.0000 118.7193 9.1933 -6.1789 0.0010 0.0223 0.9983 -0.0539
10.0000 117.6836 13.6064 1.6250 -0.0437 -0.0253 0.9955 -0.0807
11.0000 117.1925 9.7126 -2.8470 -0.0182 0.0011 0.9984 -0.0540
12.0000 115.6736 14.1199 3.6872 -0.0576 -0.0516 0.9934 -0.0842
13.0000 114.6570 10.2548 -2.7460 -0.0177 -0.0103 0.9983 -0.0544
14.0000 113.2955 13.1056 0.6087 -0.0348 -0.0147 0.9962 -0.0788
15.0000 112.1754 12.4128 -3.0613 -0.0107 0.0124 0.9974 -0.0705
16.0000 111.3913 14.9944 3.4059 -0.0547 -0.0213 0.9947 -0.0845
17.0000 110.6486 8.8898 -2.2380 -0.0251 -0.0379 0.9979 -0.0465
18.0000 109.6784 13.7543 -6.3613 0.0089 0.0162 0.9962 -0.0845
19.0000 107.9361 14.6120 -10.9484 0.0300 0.0130 0.9961 -0.0825
20.0000 107.9275 8.3840 -4.4384 -0.0050 0.0181 0.9986 -0.0503
21.0000 105.7615 14.0877 -6.1689 -0.0027 -0.0084 0.9965 -0.0832
22.0000 105.1101 9.9685 -6.3311 0.0068 -0.0354 0.9977 -0.0581
23.0000 103.5659 12.3155 -7.7323 0.0146 -0.0358 0.9972 -0.0643
24.0000 103.2693 10.5328 -7.3264 0.0061 -0.0150 0.9983 -0.0563
25.0000 101.7483 9.6980 -9.7674 0.0171 -0.0080 0.9982 -0.0562
26.0000 101.6886 5.9423 -6.7196 -0.0054 0.0006 0.9992 -0.0393
27.0000 100.3929 10.7024 -3.4026 -0.0175 0.0066 0.9982 -0.0572
28.0000 99.7669 11.7665 -4.3036 -0.0051 -0.0199 0.9974 -0.0687
29.0000 98.3530 12.3808 -5.3201 0.0016 0.0128 0.9978 -0.0654
30.0000 96.9495 11.4041 -10.3260 0.0247 0.0007 0.9977 -0.0625
31.0000 96.1777 11.2742 -4.8541 -0.0035 0.0131 0.9978 -0.0648
32.0000 95.0152 12.1969 -5.3236 -0.0035 0.0085 0.9973 -0.0730
33.0000 94.4996 9.8088 -8.0408 0.0073 0.0021 0.9983 -0.0577
34.0000 93.4426 10.9305 -4.4414 -0.0113 0.0129 0.9980 -0.0605
35.0000 93.4806 10.5364 -6.3948 -0.0032 0.0068 0.9981 -0.0615
36.0000 90.8374 11.8112 -5.1286 -0.0051 0.0062 0.9980 -0.0634
37.0000 91.6931 12.1843 -6.9912 0.0053 0.0049 0.9970 -0.0771
38.0000 89.2774 15.3756 -6.4312 -0.0012 0.0211 0.9980 -0.0597
39.0000 88.6522 10.5037 -7.5365 -0.0031 0.0151 0.9982 -0.0578
40.0000 86.7121 12.6954 -5.8886 -0.0060 0.0179 0.9985 -0.0520
41.0000 85.1978 13.3650 -7.0796 0.0102 0.0020 0.9974 -0.0711
42.0000 84.6143 10.0520 -6.6305 0.0049 0.0174 0.9988 -0.0462
43.0000 84.0544 13.4419 -5.9462 -0.0063 0.0159 0.9990 -0.0411
44.0000 84.6701 10.8435 -7.5814 0.0023 0.0050 0.9978 -0.0654
45.0000 82.9483 13.5020 -5.8518 -0.0036 0.0150 0.9977 -0.0656
46.0000 83.1328 11.9554 -6.8286 -0.0003 0.0092 0.9975 -0.0695
47.0000 81.0480 13.8864 -6.7320 -0.0046 -0.0005 0.9985 -0.0546
48.0000 80.6507 11.8370 -7.0233 -0.0046 -0.0040 0.9972 -0.0749
49.0000 79.0889 13.4840 -5.4395 -0.0065 0.0165 0.9979 -0.0630
50.0000 79.0845 11.6360 -5.4680 -0.0027 -0.0010 0.9977 -0.0670
51.0000 77.7798 13.2707 -5.2676 -0.0062 0.0132 0.9985 -0.0533
52.0000 77.8080 10.9301 -6.2628 -0.0032 -0.0034 0.9981 -0.0619
53.0000 76.1889 12.8363 -5.6652 -0.0094 0.0108 0.9983 -0.0561
54.0000 76.0008 11.4843 -7.4171 0.0015 0.0124 0.9974 -0.0713
55.0000 74.5724 13.4333 -6.1998 -0.0044 0.0202 0.9979 -0.0614
56.0000 73.0097 11.8137 -7.5401 0.0130 -0.0075 0.9975 -0.0697
57.0000 72.2161 13.1100 -6.2977 0.0023 0.0021 0.9983 -0.0576
58.0000 72.7768 11.0472 -7.4370 0.0073 -0.0013 0.9985 -0.0544
59.0000 71.9946 12.7140 -5.4179 -0.0087 0.0204 0.9984 -0.0523
60.0000 71.4318 11.1380 -6.6078 0.0048 -0.0005 0.9984 -0.0561
61.0000 71.0169 10.1759 -7.5446 0.0013 -0.0122 0.9980 -0.0617
62.0000 69.2638 13.0213 -6.9267 -0.0053 0.0010 0.9983 -0.0578
63.0000 69.3553 10.7955 -6.9490 -0.0001 0.0062 0.9978 -0.0657
64.0000 68.2100 12.3466 -5.4661 -0.0072 0.0201 0.9979 -0.0607
65.0000 67.9761 11.6719 -6.5048 -0.0006 0.0003 0.9982 -0.0592
66.0000 66.6773 13.0726 -6.7337 -0.0028 0.0007 0.9983 -0.0574
67.0000 65.4646 13.8782 -6.6516 -0.0043 0.0093 0.9984 -0.0564
68.0000 64.9591 13.5661 -6.7960 -0.0054 0.0079 0.9983 -0.0571
69.0000 64.7232 13.0295 -6.2534 -0.0067 0.0093 0.9981 -0.0598
70.0000 64.2082 12.8250 -5.9858 -0.0070 0.0112 0.9980 -0.0613
71.0000 63.4283 12.8910 -6.1553 -0.0063 0.0114 0.9980 -0.0611
72.0000 62.7245 13.0274 -6.6079 -0.0059 0.0046 0.9982 -0.0595
73.0000 62.2322 12.9925 -6.1861 -0.0071 0.0100 0.9981 -0.0604
74.0000 61.7228 12.7779 -5.8757 -0.0081 0.0150 0.9980 -0.0616
75.0000 61.1144 12.5446 -5.7853 -0.0082 0.0166 0.9980 -0.0611
76.0000 60.4622 12.5732 -5.8861 -0.0079 0.0158 0.9979 -0.0620
77.0000 59.9326 12.6442 -5.9481 -0.0075 0.0142 0.9979 -0.0626
78.0000 59.5056 12.6732 -5.5733 -0.0099 0.0158 0.9978 -0.0642
79.0000 58.9496 12.4541 -5.8242 -0.0091 0.0165 0.9978 -0.0634
80.0000 58.4083 12.2760 -5.8764 -0.0087 0.0183 0.9978 -0.0629
81.0000 57.9332 12.2423 -5.7225 -0.0095 0.0164 0.9978 -0.0633
82.0000 57.4231 12.3160 -5.6707 -0.0097 0.0158 0.9977 -0.0653
83.0000 56.8999 12.2694 -5.6208 -0.0098 0.0159 0.9976 -0.0660
84.0000 56.3847 12.1697 -5.5513 -0.0097 0.0171 0.9976 -0.0658
85.0000 55.8505 12.0027 -6.1877 -0.0058 0.0110 0.9979 -0.0642
86.0000 55.4517 11.9371 -5.7865 -0.0092 0.0143 0.9978 -0.0644
87.0000 55.0388 11.9001 -6.1066 -0.0071 0.0142 0.9978 -0.0651
88.0000 54.6484 11.9425 -6.5354 -0.0036 0.0093 0.9978 -0.0659
89.0000 54.1600 11.9449 -5.7750 -0.0085 0.0142 0.9977 -0.0658
90.0000 53.7094 11.8658 -5.7064 -0.0083 0.0113 0.9978 -0.0649
91.0000 53.3011 11.7986 -5.6725 -0.0099 0.0151 0.9978 -0.0634
92.0000 52.8919 11.6758 -6.1653 -0.0043 0.0088 0.9980 -0.0630
93.0000 52.5296 11.6059 -5.7854 -0.0077 0.0124 0.9979 -0.0634
94.0000 52.1679 11.6250 -5.4393 -0.0095 0.0184 0.9978 -0.0637
95.0000 51.8008 11.6077 -5.7103 -0.0074 0.0166 0.9979 -0.0628
96.0000 51.4472 11.5195 -5.6131 -0.0095 0.0153 0.9980 -0.0613
97.0000 51.0859 11.4143 -5.9522 -0.0075 0.0103 0.9981 -0.0608
98.0000 50.8070 11.4635 -5.7906 -0.0092 0.0119 0.9980 -0.0615
99.0000 50.6088 11.5754 -6.6375 -0.0058 -0.0028 0.9980 -0.0623
100.0000 50.3869 11.4412 -5.9868 -0.0085 0.0073 0.9981 -0.0612
101.0000 50.0446 11.4239 -6.1224 -0.0045 0.0075 0.9981 -0.0610
102.0000 49.7343 11.3051 -5.8411 -0.0050 0.0112 0.9981 -0.0604
103.0000 49.5087 11.2784 -5.7383 -0.0074 0.0128 0.9981 -0.0598
104.0000 49.2393 11.2786 -5.7935 -0.0058 0.0112 0.9981 -0.0596
105.0000 48.9770 11.2621 -5.9223 -0.0027 0.0088 0.9982 -0.0601
106.0000 48.7875 11.2280 -5.6758 -0.0055 0.0158 0.9980 -0.0617
107.0000 48.5270 11.1664 -5.8452 -0.0049 0.0172 0.9979 -0.0618
108.0000 48.2995 11.2440 -5.9002 -0.0040 0.0133 0.9980 -0.0622
109.0000 48.0971 11.1857 -6.2991 -0.0016 0.0063 0.9981 -0.0608
110.0000 47.9276 11.1333 -5.8820 -0.0064 0.0092 0.9981 -0.0609
111.0000 47.7270 11.0476 -5.7400 -0.0058 0.0142 0.9980 -0.0614
112.0000 47.5138 10.9890 -5.4809 -0.0089 0.0163 0.9979 -0.0616
113.0000 47.3255 11.0393 -5.3982 -0.0087 0.0152 0.9979 -0.0626
114.0000 47.1385 11.0785 -5.9393 -0.0052 0.0105 0.9980 -0.0626
115.0000 47.0070 10.9886 -5.8967 -0.0068 0.0114 0.9980 -0.0611
116.0000 46.8607 10.9584 -5.9097 -0.0061 0.0116 0.9980 -0.0614
117.0000 46.6881 10.9285 -5.6552 -0.0087 0.0142 0.9979 -0.0620
118.0000 46.5294 10.9894 -5.7788 -0.0075 0.0130 0.9979 -0.0629
119.0000 46.4518 10.9616 -5.8084 -0.0084 0.0143 0.9979 -0.0633
120.0000 46.2709 10.9375 -5.9243 -0.0070 0.0126 0.9979 -0.0625
121.0000 46.0874 10.9092 -5.7524 -0.0088 0.0139 0.9979 -0.0623
122.0000 45.9679 10.9188 -5.8053 -0.0075 0.0124 0.9979 -0.0635
123.0000 45.8515 10.8806 -5.7683 -0.0072 0.0126 0.9979 -0.0637
124.0000 45.7460 10.8660 -5.5566 -0.0102 0.0162 0.9978 -0.0636
125.0000 45.6515 10.8290 -5.8053 -0.0075 0.0135 0.9979 -0.0633
126.0000 45.4602 10.8998 -5.8609 -0.0069 0.0126 0.9979 -0.0640
127.0000 45.2809 10.9430 -5.7517 -0.0087 0.0137 0.9978 -0.0642
128.0000 45.1968 10.8838 -5.6400 -0.0103 0.0153 0.9978 -0.0638
129.0000 45.1605 10.7943 -5.6041 -0.0102 0.0154 0.9978 -0.0634
130.0000 45.0535 10.7650 -5.7330 -0.0080 0.0133 0.9979 -0.0632
131.0000 44.9792 10.8188 -5.9371 -0.0065 0.0105 0.9979 -0.0638
132.0000 44.8860 10.9262 -5.9059 -0.0066 0.0112 0.9978 -0.0644
133.0000 44.7842 10.8916 -5.6722 -0.0085 0.0141 0.9978 -0.0644
134.0000 44.6667 10.7758 -5.7173 -0.0076 0.0137 0.9979 -0.0635
135.0000 44.6076 10.7973 -5.8324 -0.0067 0.0120 0.9978 -0.0641
136.0000 44.6236 10.8012 -5.7264 -0.0081 0.0138 0.9978 -0.0647
137.0000 44.5379 10.8262 -5.8302 -0.0070 0.0125 0.9978 -0.0642
138.0000 44.4391 10.7936 -5.9695 -0.0056 0.0117 0.9979 -0.0637
139.0000 44.4066 10.8022 -5.9515 -0.0057 0.0113 0.9979 -0.0636
140.0000 44.3863 10.8212 -5.8796 -0.0063 0.0116 0.9978 -0.0645
141.0000 44.3337 10.7782 -5.7526 -0.0068 0.0133 0.9978 -0.0641
142.0000 44.3142 10.7565 -5.8347 -0.0066 0.0124 0.9978 -0.0644
143.0000 44.2693 10.7380 -6.0131 -0.0041 0.0091 0.9979 -0.0637
144.0000 44.2628 10.7544 -5.9449 -0.0054 0.0099 0.9979 -0.0637
145.0000 44.2648 10.8314 -5.9127 -0.0070 0.0112 0.9978 -0.0645
146.0000 44.2385 10.8300 -5.8662 -0.0070 0.0121 0.9978 -0.0641
147.0000 44.2216 10.8074 -5.8921 -0.0059 0.0124 0.9979 -0.0636
148.0000 44.2226 10.7255 -5.8463 -0.0063 0.0125 0.9979 -0.0636
149.0000 44.1994 10.7078 -5.8691 -0.0047 0.0115 0.9979 -0.0637
150.0000 44.1682 10.7413 -5.9542 -0.0053 0.0099 0.9979 -0.0637
151.0000 44.1622 10.8064 -5.9834 -0.0065 0.0096 0.9979 -0.0642
152.0000 44.1404 10.8133 -5.9582 -0.0070 0.0108 0.9979 -0.0638
153.0000 44.1603 10.7494 -5.8614 -0.0067 0.0123 0.9979 -0.0636
154.0000 44.1748 10.7445 -5.8619 -0.0063 0.0129 0.9979 -0.0639
155.0000 44.1722 10.7238 -5.8542 -0.0057 0.0130 0.9979 -0.0639
156.0000 44.1874 10.7916 -5.8740 -0.0058 0.0117 0.9979 -0.0637
157.0000 44.2000 10.7937 -5.9076 -0.0058 0.0115 0.9979 -0.0635
158.0000 44.1533 10.7295 -5.8746 -0.0060 0.0125 0.9979 -0.0636
159.0000 44.1379 10.7320 -5.8133 -0.0068 0.0130 0.9978 -0.0646
160.0000 44.1581 10.7505 -5.8415 -0.0063 0.0129 0.9978 -0.0646
161.0000 44.1982 10.7492 -5.8837 -0.0057 0.0124 0.9979 -0.0636
162.0000 44.1967 10.7026 -5.8955 -0.0057 0.0123 0.9979 -0.0630
163.0000 44.1722 10.7380 -5.7926 -0.0065 0.0131 0.9979 -0.0636
164.0000 44.1409 10.7245 -5.8097 -0.0064 0.0132 0.9978 -0.0641
165.0000 44.1552 10.7199 -5.7818 -0.0062 0.0142 0.9978 -0.0639
166.0000 44.1676 10.7576 -5.8457 -0.0058 0.0133 0.9979 -0.0635
167.0000 44.1731 10.7790 -5.8580 -0.0060 0.0123 0.9979 -0.0639
168.0000 44.1584 10.7737 -5.8357 -0.0047 0.0128 0.9979 -0.0640
169.0000 44.1711 10.7260 -5.7577 -0.0060 0.0141 0.9978 -0.0640
170.0000 44.1661 10.7141 -5.8038 -0.0068 0.0135 0.9978 -0.0638
171.0000 44.1788 10.7521 -5.8599 -0.0065 0.0129 0.9979 -0.0637
172.0000 44.1808 10.8086 -5.9023 -0.0059 0.0120 0.9979 -0.0640
173.0000 44.1829 10.7754 -5.8580 -0.0057 0.0124 0.9978 -0.0641
174.0000 44.1598 10.7251 -5.8046 -0.0045 0.0130 0.9978 -0.0641
175.0000 44.1733 10.7243 -5.7479 -0.0061 0.0138 0.9978 -0.0639
176.0000 44.1834 10.7392 -5.7576 -0.0073 0.0144 0.9979 -0.0635
177.0000 44.1747 10.7591 -5.8614 -0.0067 0.0131 0.9979 -0.0638
178.0000 44.1624 10.7343 -5.9026 -0.0038 0.0116 0.9979 -0.0636
179.0000 44.1701 10.6903 -5.7996 -0.0051 0.0126 0.9979 -0.0634
180.0000 44.2090 10.7316 -5.7367 -0.0071 0.0144 0.9978 -0.0638
181.0000 44.1886 10.7828 -5.8618 -0.0070 0.0126 0.9978 -0.0645
182.0000 44.1619 10.8172 -5.9078 -0.0060 0.0123 0.9978 -0.0647
183.0000 44.1475 10.7709 -5.8004 -0.0061 0.0138 0.9978 -0.0641
184.0000 44.1527 10.7574 -5.7961 -0.0059 0.0136 0.9978 -0.0639
185.0000 44.1824 10.7743 -5.8489 -0.0060 0.0132 0.9978 -0.0643
186.0000 44.1912 10.7497 -5.8049 -0.0064 0.0137 0.9978 -0.0642
187.0000 44.1755 10.7601 -5.8569 -0.0064 0.0120 0.9978 -0.0642
188.0000 44.1596 10.7805 -5.8716 -0.0063 0.0116 0.9978 -0.0644
189.0000 44.1427 10.7819 -5.8621 -0.0059 0.0126 0.9978 -0.0643
190.0000 44.1879 10.7192 -5.7979 -0.0062 0.0143 0.9979 -0.0635
191.0000 44.1794 10.7112 -5.7990 -0.0064 0.0144 0.9979 -0.0635
192.0000 44.1872 10.6867 -5.8638 -0.0059 0.0127 0.9979 -0.0631
193.0000 44.1649 10.7400 -5.8801 -0.0054 0.0126 0.9979 -0.0636
194.0000 44.1626 10.7821 -5.8712 -0.0041 0.0120 0.9979 -0.0642
195.0000 44.1842 10.7977 -5.8476 -0.0059 0.0120 0.9978 -0.0649
196.0000 44.1438 10.7553 -5.8378 -0.0050 0.0123 0.9978 -0.0645
197.0000 44.1365 10.6833 -5.7761 -0.0061 0.0138 0.9979 -0.0637
198.0000 44.1947 10.6643 -5.7996 -0.0067 0.0148 0.9979 -0.0625
199.0000 44.2267 10.6994 -5.8233 -0.0066 0.0139 0.9979 -0.0629
200.0000 44.2137 10.7371 -5.8083 -0.0062 0.0132 0.9979 -0.0638
201.0000 44.2172 10.7740 -5.7939 -0.0063 0.0134 0.9978 -0.0643
202.0000 44.1653 10.7741 -5.7857 -0.0063 0.0138 0.9978 -0.0646
203.0000 44.1232 10.7621 -5.8374 -0.0062 0.0135 0.9978 -0.0642
204.0000 44.1241 10.7321 -5.8911 -0.0063 0.0117 0.9979 -0.0635
205.0000 44.1279 10.7266 -5.8687 -0.0059 0.0123 0.9979 -0.0639
206.0000 44.1853 10.7241 -5.8001 -0.0060 0.0137 0.9979 -0.0636
207.0000 44.1887 10.7378 -5.8055 -0.0042 0.0134 0.9979 -0.0636
208.0000 44.1309 10.7068 -5.9012 -0.0052 0.0118 0.9979 -0.0636
209.0000 44.1841 10.7095 -5.8865 -0.0065 0.0123 0.9979 -0.0638
210.0000 44.2010 10.7110 -5.7999 -0.0069 0.0138 0.9979 -0.0636
211.0000 44.1547 10.7422 -5.7853 -0.0049 0.0138 0.9979 -0.0637
212.0000 44.1558 10.7569 -5.7663 -0.0055 0.0134 0.9979 -0.0635
213.0000 44.1736 10.6978 -5.8621 -0.0046 0.0121 0.9979 -0.0634
214.0000 44.1837 10.7270 -5.9383 -0.0058 0.0117 0.9979 -0.0640
215.0000 44.2007 10.7737 -5.8547 -0.0067 0.0133 0.9978 -0.0641
216.0000 44.1826 10.7798 -5.8008 -0.0065 0.0136 0.9979 -0.0634
217.0000 44.1575 10.7605 -5.7943 -0.0065 0.0127 0.9979 -0.0636
218.0000 44.1468 10.7409 -5.8309 -0.0062 0.0130 0.9978 -0.0640
219.0000 44.1166 10.7187 -5.8121 -0.0059 0.0139 0.9979 -0.0636
220.0000 44.1500 10.7143 -5.7794 -0.0065 0.0136 0.9979 -0.0633
221.0000 44.1648 10.7292 -5.8786 -0.0063 0.0121 0.9979 -0.0637
222.0000 44.1956 10.7533 -5.8685 -0.0062 0.0124 0.9978 -0.0644
223.0000 44.1606 10.7957 -5.8335 -0.0060 0.0132 0.9978 -0.0644
224.0000 44.1527 10.7486 -5.7393 -0.0065 0.0144 0.9978 -0.0638
225.0000 44.1707 10.7017 -5.7637 -0.0064 0.0140 0.9979 -0.0630
226.0000 44.2095 10.7296 -5.8659 -0.0064 0.0119 0.9979 -0.0636
227.0000 44.1793 10.7799 -5.8983 -0.0061 0.0114 0.9978 -0.0649
228.0000 44.1464 10.7667 -5.8225 -0.0060 0.0134 0.9978 -0.0649
229.0000 44.1434 10.7785 -5.8113 -0.0060 0.0130 0.9979 -0.0639
230.0000 44.1933 10.7535 -5.7925 -0.0062 0.0127 0.9979 -0.0636
231.0000 44.2041 10.7229 -5.8112 -0.0064 0.0132 0.9978 -0.0640
232.0000 44.1848 10.6879 -5.8924 -0.0061 0.0131 0.9979 -0.0636
233.0000 44.1811 10.7590 -5.8157 -0.0067 0.0120 0.9979 -0.0638
234.0000 44.1799 10.7823 -5.7235 -0.0065 0.0139 0.9978 -0.0641
235.0000 44.1740 10.7569 -5.7968 -0.0063 0.0133 0.9978 -0.0640
236.0000 44.1585 10.7476 -5.8734 -0.0062 0.0129 0.9978 -0.0640
237.0000 44.1604 10.7308 -5.8767 -0.0060 0.0128 0.9979 -0.0639
238.0000 44.1730 10.7327 -5.7903 -0.0063 0.0134 0.9978 -0.0639
239.0000 44.1604 10.7284 -5.7739 -0.0064 0.0137 0.9978 -0.0638
240.0000 44.1562 10.7618 -5.8294 -0.0062 0.0131 0.9978 -0.0639
241.0000 44.1639 10.7880 -5.8142 -0.0064 0.0130 0.9979 -0.0638
242.0000 44.1806 10.7300 -5.7257 -0.0067 0.0153 0.9979 -0.0633
243.0000 44.1899 10.6787 -5.7939 -0.0067 0.0140 0.9979 -0.0633
244.0000 44.1710 10.6979 -5.7525 -0.0068 0.0139 0.9978 -0.0642
245.0000 44.1767 10.7641 -5.8703 -0.0057 0.0124 0.9978 -0.0644
246.0000 44.1964 10.7688 -5.8524 -0.0058 0.0127 0.9979 -0.0638
247.0000 44.1818 10.7646 -5.7710 -0.0064 0.0133 0.9979 -0.0634
248.0000 44.1742 10.7254 -5.7902 -0.0061 0.0136 0.9979 -0.0633
249.0000 44.1753 10.7141 -5.8162 -0.0062 0.0137 0.9979 -0.0635
250.0000 44.1805 10.7226 -5.7998 -0.0064 0.0142 0.9978 -0.0638
251.0000 44.1436 10.7858 -5.7831 -0.0064 0.0134 0.9978 -0.0639
252.0000 44.1216 10.8096 -5.7618 -0.0064 0.0129 0.9979 -0.0638
253.0000 44.1781 10.7630 -5.8006 -0.0064 0.0135 0.9979 -0.0638
254.0000 44.1977 10.6967 -5.8280 -0.0063 0.0140 0.9978 -0.0639
255.0000 44.1649 10.7186 -5.8185 -0.0063 0.0132 0.9978 -0.0644
256.0000 44.1537 10.7613 -5.8167 -0.0062 0.0131 0.9978 -0.0641
257.0000 44.1674 10.7689 -5.8064 -0.0062 0.0136 0.9979 -0.0637
258.0000 44.1632 10.7838 -5.7789 -0.0063 0.0136 0.9979 -0.0635
259.0000 44.1768 10.7399 -5.7811 -0.0062 0.0140 0.9979 -0.0634
260.0000 44.1808 10.7171 -5.8057 -0.0062 0.0131 0.9979 -0.0635
261.0000 44.1594 10.7287 -5.8643 -0.0060 0.0124 0.9979 -0.0638
262.0000 44.1567 10.7497 -5.8456 -0.0062 0.0130 0.9978 -0.0643
263.0000 44.1483 10.7453 -5.7798 -0.0062 0.0142 0.9978 -0.0648
264.0000 44.1669 10.7630 -5.7639 -0.0062 0.0138 0.9978 -0.0640
265.0000 44.1936 10.7566 -5.8118 -0.0062 0.0132 0.9979 -0.0632
266.0000 44.1872 10.7676 -5.8687 -0.0064 0.0120 0.9979 -0.0637
267.0000 44.1621 10.7926 -5.8834 -0.0062 0.0123 0.9978 -0.0648
268.0000 44.1597 10.7757 -5.8018 -0.0064 0.0133 0.9978 -0.0648
269.0000 44.1715 10.7629 -5.7955 -0.0068 0.0130 0.9978 -0.0644
270.0000 44.1890 10.7503 -5.7404 -0.0067 0.0139 0.9978 -0.0638
271.0000 44.1897 10.7448 -5.7546 -0.0063 0.0138 0.9979 -0.0634
272.0000 44.1509 10.7270 -5.8264 -0.0061 0.0135 0.9979 -0.0631
273.0000 44.1815 10.7246 -5.8089 -0.0067 0.0120 0.9979 -0.0638
274.0000 44.2124 10.7105 -5.7151 -0.0072 0.0140 0.9978 -0.0638
275.0000 44.1694 10.7013 -5.7253 -0.0069 0.0150 0.9978 -0.0637
276.0000 44.1428 10.7561 -5.8319 -0.0062 0.0139 0.9978 -0.0640
277.0000 44.1716 10.7910 -5.7902 -0.0063 0.0139 0.9978 -0.0641
278.0000 44.1890 10.7816 -5.7849 -0.0064 0.0135 0.9978 -0.0639
279.0000 44.2010 10.7466 -5.8216 -0.0064 0.0132 0.9979 -0.0636
280.0000 44.1982 10.7364 -5.8908 -0.0063 0.0115 0.9979 -0.0638
281.0000 44.1895 10.7324 -5.8975 -0.0058 0.0125 0.9979 -0.0638
282.0000 44.1650 10.7263 -5.7969 -0.0062 0.0133 0.9979 -0.0638
283.0000 44.1747 10.7024 -5.7127 -0.0064 0.0146 0.9978 -0.0636
284.0000 44.1679 10.7314 -5.8332 -0.0060 0.0134 0.9979 -0.0638
285.0000 44.1787 10.7474 -5.8345 -0.0062 0.0130 0.9979 -0.0638
286.0000 44.1691 10.7726 -5.8052 -0.0064 0.0127 0.9978 -0.0643
287.0000 44.1683 10.7372 -5.7557 -0.0066 0.0151 0.9978 -0.0642
288.0000 44.1818 10.7510 -5.7548 -0.0069 0.0130 0.9978 -0.0640
289.0000 44.1802 10.7676 -5.8197 -0.0062 0.0122 0.9979 -0.0640
290.0000 44.1660 10.7726 -5.8741 -0.0065 0.0124 0.9979 -0.0640
291.0000 44.1981 10.7482 -5.7251 -0.0072 0.0143 0.9978 -0.0638
292.0000 44.1863 10.7588 -5.6639 -0.0076 0.0135 0.9978 -0.0638
293.0000 44.1648 10.7759 -5.7974 -0.0063 0.0119 0.9979 -0.0640
294.0000 44.1854 10.7427 -5.7556 -0.0068 0.0139 0.9978 -0.0639
295.0000 44.1726 10.7105 -5.8249 -0.0064 0.0131 0.9979 -0.0638
296.0000 44.1813 10.7275 -5.9036 -0.0062 0.0112 0.9979 -0.0637
297.0000 44.1722 10.7191 -5.8141 -0.0059 0.0134 0.9979 -0.0636
298.0000 44.1741 10.7186 -5.7237 -0.0065 0.0147 0.9978 -0.0637
299.0000 44.1626 10.7303 -5.7338 -0.0065 0.0150 0.9978 -0.0639
300.0000 44.1450 10.7478 -5.8137 -0.0063 0.0136 0.9978 -0.0642
301.0000 44.1653 10.7540 -5.7460 -0.0067 0.0125 0.9978 -0.0640
302.0000 44.1716 10.7458 -5.6841 -0.0067 0.0140 0.9978 -0.0640
303.0000 44.1470 10.7185 -5.7729 -0.0063 0.0142 0.9979 -0.0636
304.0000 44.1758 10.7258 -5.8272 -0.0062 0.0137 0.9979 -0.0633
305.0000 44.1906 10.7699 -5.8104 -0.0062 0.0131 0.9979 -0.0637
306.0000 44.1753 10.7977 -5.7675 -0.0064 0.0133 0.9978 -0.0643
307.0000 44.1588 10.7792 -5.7964 -0.0063 0.0136 0.9978 -0.0643
308.0000 44.1564 10.7425 -5.7978 -0.0062 0.0135 0.9979 -0.0634
309.0000 44.1495 10.7344 -5.7778 -0.0063 0.0144 0.9978 -0.0637
310.0000 44.1636 10.7467 -5.7792 -0.0062 0.0142 0.9978 -0.0642
311.0000 44.1676 10.7176 -5.6889 -0.0067 0.0146 0.9978 -0.0642
312.0000 44.1751 10.7246 -5.8346 -0.0061 0.0129 0.9979 -0.0638
313.0000 44.1796 10.7397 -5.8555 -0.0063 0.0124 0.9979 -0.0635
314.0000 44.1858 10.7613 -5.8093 -0.0064 0.0126 0.9979 -0.0634
315.0000 44.1870 10.7735 -5.8323 -0.0057 0.0126 0.9979 -0.0632
316.0000 44.1916 10.7340 -5.8118 -0.0060 0.0132 0.9979 -0.0633
317.0000 44.1785 10.7224 -5.7999 -0.0063 0.0135 0.9979 -0.0637
318.0000 44.1596 10.7058 -5.7804 -0.0067 0.0138 0.9978 -0.0639
319.0000 44.1825 10.7016 -5.8163 -0.0063 0.0134 0.9979 -0.0637
320.0000 44.2031 10.7029 -5.8392 -0.0060 0.0132 0.9979 -0.0632
321.0000 44.2070 10.7187 -5.8358 -0.0058 0.0133 0.9979 -0.0631
322.0000 44.1654 10.7509 -5.7886 -0.0064 0.0140 0.9979 -0.0636
323.0000 44.1575 10.7681 -5.7956 -0.0070 0.0127 0.9978 -0.0645
324.0000 44.1596 10.7657 -5.8507 -0.0063 0.0118 0.9978 -0.0650
325.0000 44.1883 10.7286 -5.7433 -0.0064 0.0127 0.9978 -0.0645
326.0000 44.1902 10.7135 -5.7154 -0.0062 0.0147 0.9979 -0.0634
327.0000 44.1808 10.7286 -5.7285 -0.0067 0.0149 0.9979 -0.0635
328.0000 44.1751 10.7455 -5.8428 -0.0066 0.0134 0.9978 -0.0639
329.0000 44.1730 10.7491 -5.7672 -0.0065 0.0142 0.9978 -0.0643
330.0000 44.1615 10.7235 -5.7370 -0.0061 0.0148 0.9978 -0.0641
331.0000 44.1900 10.7376 -5.7785 -0.0062 0.0138 0.9979 -0.0637
332.0000 44.1728 10.7427 -5.8537 -0.0064 0.0131 0.9979 -0.0633
333.0000 44.1821 10.7428 -5.8520 -0.0065 0.0124 0.9979 -0.0637
334.0000 44.1914 10.7416 -5.8028 -0.0060 0.0134 0.9978 -0.0641
335.0000 44.2166 10.7127 -5.7284 -0.0062 0.0143 0.9978 -0.0637
336.0000 44.1720 10.7283 -5.6399 -0.0070 0.0145 0.9978 -0.0636
337.0000 44.1394 10.7759 -5.8111 -0.0066 0.0130 0.9979 -0.0636
338.0000 44.1404 10.7583 -5.7724 -0.0065 0.0142 0.9978 -0.0636
339.0000 44.1790 10.7254 -5.7816 -0.0061 0.0138 0.9979 -0.0637
340.0000 44.1889 10.7563 -5.8185 -0.0060 0.0132 0.9979 -0.0637
341.0000 44.1650 10.7438 -5.8169 -0.0063 0.0128 0.9979 -0.0638
342.0000 44.1791 10.6963 -5.8551 -0.0062 0.0128 0.9979 -0.0636
343.0000 44.1757 10.6821 -5.8439 -0.0063 0.0132 0.9979 -0.0638
344.0000 44.1538 10.7378 -5.8701 -0.0058 0.0129 0.9979 -0.0636
345.0000 44.2083 10.7821 -5.6834 -0.0071 0.0148 0.9978 -0.0639
346.0000 44.2216 10.7523 -5.6917 -0.0069 0.0149 0.9978 -0.0643
347.0000 44.1872 10.7055 -5.6396 -0.0068 0.0147 0.9978 -0.0638
348.0000 44.1363 10.7085 -5.8485 -0.0059 0.0125 0.9979 -0.0635
349.0000 44.1588 10.7374 -5.8243 -0.0064 0.0125 0.9978 -0.0640
350.0000 44.1951 10.7412 -5.8167 -0.0066 0.0134 0.9978 -0.0643
351.0000 44.1723 10.7021 -5.7058 -0.0066 0.0153 0.9978 -0.0641
352.0000 44.1680 10.7046 -5.7449 -0.0062 0.0144 0.9979 -0.0635
353.0000 44.1649 10.7361 -5.8211 -0.0062 0.0126 0.9979 -0.0634
354.0000 44.1958 10.7664 -5.7925 -0.0063 0.0141 0.9979 -0.0636
355.0000 44.1828 10.7004 -5.7894 -0.0063 0.0143 0.9978 -0.0637
356.0000 44.1692 10.6975 -5.8021 -0.0064 0.0137 0.9979 -0.0637
357.0000 44.1789 10.7005 -5.8590 -0.0063 0.0136 0.9978 -0.0640
358.0000 44.2029 10.7219 -5.7085 -0.0068 0.0144 0.9978 -0.0641
359.0000 44.1558 10.7965 -5.7272 -0.0063 0.0138 0.9978 -0.0638
360.0000 44.1720 10.7598 -5.7840 -0.0060 0.0125 0.9979 -0.0632
361.0000 44.2012 10.6978 -5.8182 -0.0061 0.0135 0.9979 -0.0635
362.0000 44.1982 10.6539 -5.7343 -0.0067 0.0149 0.9978 -0.0639
363.0000 44.1894 10.6948 -5.7776 -0.0063 0.0145 0.9979 -0.0634
364.0000 44.2041 10.7288 -5.7546 -0.0065 0.0150 0.9979 -0.0631
365.0000 44.1541 10.7571 -5.8037 -0.0062 0.0136 0.9979 -0.0634
366.0000 44.1402 10.7499 -5.7687 -0.0064 0.0141 0.9978 -0.0639
367.0000 44.1517 10.7228 -5.8004 -0.0065 0.0136 0.9978 -0.0642
368.0000 44.1904 10.7290 -5.8449 -0.0062 0.0130 0.9978 -0.0644
369.0000 44.1855 10.7285 -5.8744 -0.0060 0.0125 0.9979 -0.0638
370.0000 44.1947 10.6696 -5.7002 -0.0068 0.0155 0.9979 -0.0631
371.0000 44.2219 10.6974 -5.7367 -0.0068 0.0153 0.9979 -0.0632
372.0000 44.2027 10.7423 -5.9416 -0.0058 0.0115 0.9979 -0.0637
373.0000 44.1709 10.8004 -5.7894 -0.0066 0.0121 0.9978 -0.0647
374.0000 44.1582 10.7560 -5.6711 -0.0069 0.0152 0.9978 -0.0640
375.0000 44.2019 10.7057 -5.7624 -0.0065 0.0154 0.9979 -0.0631
376.0000 44.1738 10.7115 -5.7215 -0.0070 0.0143 0.9979 -0.0634
377.0000 44.1951 10.7219 -5.7358 -0.0067 0.0143 0.9978 -0.0638
378.0000 44.1951 10.7753 -5.7517 -0.0078 0.0135 0.9978 -0.0647
379.0000 44.1763 10.7814 -5.8226 -0.0069 0.0124 0.9978 -0.0651
380.0000 44.1636 10.7319 -5.7721 -0.0061 0.0139 0.9979 -0.0635
381.0000 44.1672 10.7047 -5.7997 -0.0059 0.0143 0.9979 -0.0630
382.0000 44.1717 10.7177 -5.8367 -0.0062 0.0137 0.9979 -0.0635
383.0000 44.1526 10.7621 -5.8038 -0.0063 0.0138 0.9978 -0.0642
384.0000 44.1858 10.7597 -5.7031 -0.0070 0.0139 0.9978 -0.0646
385.0000 44.1748 10.7376 -5.7102 -0.0066 0.0135 0.9978 -0.0644
386.0000 44.1665 10.7299 -5.8055 -0.0060 0.0133 0.9979 -0.0637
387.0000 44.1915 10.7346 -5.8724 -0.0059 0.0132 0.9979 -0.0632
388.0000 44.1805 10.7331 -5.7602 -0.0063 0.0146 0.9979 -0.0636
389.0000 44.1728 10.7344 -5.7558 -0.0062 0.0141 0.9979 -0.0637
390.0000 44.1498 10.7394 -5.8101 -0.0064 0.0126 0.9979 -0.0638
391.0000 44.1717 10.7072 -5.8288 -0.0061 0.0134 0.9979 -0.0635
392.0000 44.1937 10.6902 -5.7122 -0.0066 0.0148 0.9978 -0.0639
393.0000 44.1839 10.7287 -5.7654 -0.0063 0.0143 0.9978 -0.0638
394.0000 44.1622 10.7553 -5.8525 -0.0062 0.0131 0.9978 -0.0640
395.0000 44.1782 10.7678 -5.8733 -0.0063 0.0126 0.9978 -0.0645
396.0000 44.1882 10.7566 -5.7489 -0.0065 0.0148 0.9978 -0.0641
397.0000 44.2108 10.7321 -5.8323 -0.0061 0.0126 0.9979 -0.0637
398.0000 44.1614 10.7101 -5.7582 -0.0062 0.0140 0.9979 -0.0636
399.0000 44.1536 10.7053 -5.7998 -0.0060 0.0137 0.9979 -0.0636
400.0000 44.1529 10.7167 -5.8423 -0.0060 0.0132 0.9979 -0.0637
401.0000 44.1691 10.7665 -5.7531 -0.0062 0.0147 0.9978 -0.0640
402.0000 44.2056 10.7528 -5.6549 -0.0066 0.0162 0.9978 -0.0640
403.0000 44.1978 10.7468 -5.6935 -0.0060 0.0153 0.9979 -0.0633
404.0000 44.1717 10.7568 -5.7443 -0.0060 0.0133 0.9979 -0.0634
405.0000 44.0938 10.7897 -5.7581 -0.0057 0.0132 0.9978 -0.0640
406.0000 43.9389 10.7608 -5.6240 -0.0062 0.0153 0.9978 -0.0641
407.0000 43.8345 10.7197 -5.5662 -0.0042 0.0157 0.9978 -0.0637
408.0000 43.7808 10.6974 -5.6324 -0.0024 0.0144 0.9979 -0.0628
409.0000 43.6551 10.7163 -5.7524 -0.0025 0.0134 0.9979 -0.0627
410.0000 43.4631 10.7037 -5.7658 -0.0038 0.0138 0.9979 -0.0634
411.0000 43.2912 10.6644 -5.6812 -0.0038 0.0142 0.9978 -0.0639
412.0000 43.0334 10.6541 -6.2062 0.0004 0.0041 0.9980 -0.0635
413.0000 42.8058 10.6898 -5.9898 -0.0026 0.0055 0.9979 -0.0638
414.0000 42.6285 10.6788 -5.5649 -0.0056 0.0132 0.9978 -0.0643
415.0000 42.3595 10.6008 -5.4578 -0.0036 0.0181 0.9978 -0.0642
416.0000 42.0332 10.4891 -5.6005 -0.0026 0.0164 0.9979 -0.0634
417.0000 41.7301 10.3806 -5.7743 -0.0026 0.0165 0.9979 -0.0634
418.0000 41.3516 10.3468 -5.7887 -0.0029 0.0149 0.9979 -0.0633
419.0000 40.9747 10.3579 -5.6955 -0.0028 0.0149 0.9979 -0.0636
420.0000 40.5668 10.3684 -5.7204 -0.0021 0.0146 0.9978 -0.0648
421.0000 40.1876 10.3326 -5.7694 -0.0028 0.0170 0.9977 -0.0658
422.0000 39.7198 10.2403 -5.9120 -0.0033 0.0165 0.9977 -0.0651
423.0000 39.2380 10.1588 -5.9835 -0.0058 0.0159 0.9978 -0.0643
424.0000 38.8138 10.1069 -5.8938 -0.0053 0.0152 0.9978 -0.0640
425.0000 38.4819 10.0836 -5.8437 -0.0056 0.0145 0.9978 -0.0645
426.0000 37.9129 10.0162 -5.7721 -0.0059 0.0164 0.9978 -0.0634
427.0000 37.3291 9.8723 -5.8309 -0.0060 0.0162 0.9980 -0.0614
428.0000 36.8381 9.8737 -5.8423 -0.0053 0.0161 0.9979 -0.0618
429.0000 36.3302 9.8277 -5.9523 -0.0017 0.0168 0.9979 -0.0622
430.0000 35.7389 9.7706 -6.0616 0.0014 0.0151 0.9980 -0.0609
431.0000 35.1369 9.6330 -6.1021 0.0016 0.0133 0.9981 -0.0598
432.0000 34.5966 9.5264 -6.0812 0.0002 0.0130 0.9981 -0.0599
433.0000 33.9071 9.4612 -5.9779 -0.0014 0.0159 0.9981 -0.0597
434.0000 33.2479 9.4136 -6.0279 -0.0024 0.0156 0.9981 -0.0594
435.0000 32.6497 9.4003 -6.0671 -0.0052 0.0169 0.9981 -0.0598
436.0000 32.1051 9.3283 -5.9648 -0.0048 0.0161 0.9982 -0.0584
437.0000 31.5383 9.1979 -6.0602 -0.0049 0.0134 0.9982 -0.0578
438.0000 30.8091 9.1594 -6.2314 -0.0025 0.0091 0.9983 -0.0578
439.0000 30.1464 9.1083 -6.1999 -0.0013 0.0089 0.9983 -0.0578
440.0000 29.6322 9.0307 -6.0773 -0.0018 0.0134 0.9982 -0.0580
441.0000 29.0428 8.9910 -5.9575 -0.0037 0.0155 0.9982 -0.0580
442.0000 28.4097 8.8821 -5.9903 -0.0064 0.0164 0.9982 -0.0579
443.0000 27.7105 8.7920 -6.1832 -0.0045 0.0119 0.9983 -0.0574
444.0000 27.1005 8.7519 -6.2652 -0.0029 0.0095 0.9983 -0.0576
445.0000 26.5308 8.7316 -6.1128 -0.0063 0.0145 0.9982 -0.0587
446.0000 25.9403 8.6908 -6.0920 -0.0061 0.0159 0.9982 -0.0582
447.0000 25.3337 8.6258 -6.1418 -0.0042 0.0139 0.9982 -0.0581
448.0000 24.7254 8.5023 -6.1797 -0.0038 0.0127 0.9982 -0.0580
449.0000 24.0472 8.4000 -6.2518 -0.0014 0.0109 0.9982 -0.0582
450.0000 23.4400 8.3602 -6.2768 -0.0002 0.0094 0.9983 -0.0575
451.0000 22.6943 8.3287 -6.2321 -0.0008 0.0104 0.9983 -0.0567
452.0000 21.9988 8.2650 -6.1796 -0.0036 0.0137 0.9983 -0.0566
453.0000 21.3631 8.0922 -6.1767 -0.0056 0.0148 0.9982 -0.0578
454.0000 20.6645 8.0001 -6.2325 -0.0049 0.0137 0.9982 -0.0585
455.0000 19.9132 7.9927 -6.2329 -0.0025 0.0136 0.9982 -0.0589
456.0000 19.1850 7.9447 -6.3922 0.0006 0.0123 0.9983 -0.0577
457.0000 18.4522 7.8710 -6.3974 0.0005 0.0132 0.9983 -0.0572
458.0000 17.7107 7.7782 -6.2021 -0.0014 0.0151 0.9982 -0.0575
459.0000 16.9503 7.7032 -6.1058 -0.0046 0.0166 0.9982 -0.0576
460.0000 16.1855 7.6253 -6.1226 -0.0064 0.0163 0.9982 -0.0574
461.0000 15.3781 7.5393 -6.2215 -0.0061 0.0129 0.9982 -0.0574
462.0000 14.5708 7.4842 -6.2096 -0.0042 0.0132 0.9983 -0.0565
463.0000 13.7304 7.3952 -6.2729 -0.0032 0.0146 0.9983 -0.0563
464.0000 12.0647 7.1314 -6.5669 -0.0038 0.0152 0.9983 -0.0569
465.0000 10.7580 6.9246 -6.6077 -0.0026 0.0171 0.9982 -0.0576
466.0000 10.0406 6.9045 -6.6167 -0.0012 0.0172 0.9982 -0.0575
467.0000 9.4822 6.8828 -6.5651 -0.0012 0.0172 0.9982 -0.0579
468.0000 8.6180 6.8484 -6.6191 -0.0014 0.0166 0.9982 -0.0582
469.0000 7.5756 6.7681 -6.6983 -0.0036 0.0190 0.9982 -0.0574
470.0000 6.5315 6.5879 -6.7825 -0.0050 0.0221 0.9981 -0.0577
471.0000 5.5378 6.4362 -6.7461 -0.0038 0.0214 0.9981 -0.0579
472.0000 4.5627 6.3206 -6.7337 -0.0056 0.0225 0.9980 -0.0580
473.0000 3.5945 6.2828 -6.8257 -0.0034 0.0189 0.9982 -0.0571
474.0000 2.6278 6.2244 -6.9725 0.0023 0.0151 0.9983 -0.0563
475.0000 1.5586 6.1485 -6.9480 0.0017 0.0181 0.9983 -0.0551
476.0000 0.4622 5.9878 -6.8614 -0.0032 0.0217 0.9982 -0.0553
477.0000 -0.6197 5.7942 -6.9832 -0.0068 0.0173 0.9982 -0.0566
478.0000 -1.6397 5.6470 -7.5740 -0.0128 0.0122 0.9982 -0.0570
479.0000 -2.8201 5.7096 -7.1075 -0.0054 0.0133 0.9984 -0.0541
480.0000 -3.9636 5.6599 -6.4983 0.0024 0.0141 0.9985 -0.0532
481.0000 -5.0416 5.4385 -6.5587 -0.0003 0.0129 0.9984 -0.0555
482.0000 -6.1655 5.1861 -6.9799 -0.0059 0.0120 0.9983 -0.0574
483.0000 -7.3087 5.2134 -7.0668 -0.0089 0.0134 0.9983 -0.0560
484.0000 -8.4661 5.1688 -6.8785 -0.0053 0.0121 0.9984 -0.0548
485.0000 -9.5826 4.9324 -6.6269 -0.0062 0.0153 0.9983 -0.0555
486.0000 -10.7153 4.6120 -6.7036 -0.0072 0.0174 0.9982 -0.0566
487.0000 -11.8173 4.4413 -6.7652 -0.0091 0.0180 0.9982 -0.0567
488.0000 -12.9544 4.4561 -6.7824 -0.0096 0.0171 0.9982 -0.0561
489.0000 -14.1225 4.5364 -6.6825 -0.0036 0.0098 0.9984 -0.0550
490.0000 -15.2677 4.3761 -6.7885 -0.0063 0.0146 0.9983 -0.0553
491.0000 -16.3642 4.1805 -6.8097 -0.0032 0.0118 0.9983 -0.0565
