0.0000 0.0000 0.0000 0.0000 0.0000 0.0000 0.0000 1.0000
1.0000 0.0039 -0.1380 0.1213 0.0011 0.0002 0.0002 1.0000
2.0000 0.0409 -0.2213 0.1929 0.0015 0.0004 0.0001 1.0000
3.0000 0.0386 -0.3727 0.2385 0.0011 0.0011 0.0003 1.0000
4.0000 0.0824 -0.4882 0.2626 0.0013 0.0012 0.0003 1.0000
5.0000 0.0791 -0.5975 0.2912 0.0011 0.0012 0.0004 1.0000
6.0000 0.0929 -0.7275 0.3109 0.0009 0.0018 0.0005 1.0000
7.0000 0.0943 -0.8815 0.3664 0.0010 0.0021 0.0006 1.0000
8.0000 0.1013 -0.9915 0.4023 0.0010 0.0027 0.0007 1.0000
9.0000 0.1264 -1.1319 0.4299 0.0007 0.0029 0.0008 1.0000
10.0000 0.1288 -1.2477 0.4466 0.0004 0.0030 0.0009 1.0000
11.0000 0.1329 -1.3957 0.4428 -0.0001 0.0035 0.0011 1.0000
12.0000 0.1314 -1.5094 0.4485 -0.0006 0.0040 0.0011 1.0000
13.0000 0.1481 -1.6073 0.4821 -0.0004 0.0042 0.0011 1.0000
14.0000 0.1543 -1.6699 0.5291 0.0000 0.0044 0.0009 1.0000
15.0000 0.1627 -1.7508 0.5661 0.0004 0.0043 0.0009 1.0000
16.0000 0.1564 -1.8159 0.6031 0.0007 0.0037 0.0006 1.0000
17.0000 0.1625 -1.8720 0.5771 0.0006 0.0033 0.0004 1.0000
18.0000 0.1722 -1.9677 0.2983 0.0015 0.0018 0.0003 1.0000
19.0000 0.1561 -1.9480 0.2718 0.0012 0.0016 -0.0002 1.0000
20.0000 0.1781 -1.9906 0.3245 0.0019 0.0011 -0.0005 1.0000
21.0000 0.1779 -2.0246 0.4021 0.0022 0.0018 -0.0008 1.0000
22.0000 0.1692 -2.1032 0.4564 0.0025 0.0023 -0.0009 1.0000
23.0000 0.1700 -2.1851 0.5224 0.0028 0.0025 -0.0011 1.0000
24.0000 0.2017 -2.2046 0.5280 0.0025 0.0028 -0.0014 1.0000
25.0000 0.2007 -2.3349 0.5054 0.0017 0.0029 -0.0012 1.0000
26.0000 0.2066 -2.4581 0.4625 0.0012 0.0028 -0.0011 1.0000
27.0000 0.2097 -2.5515 0.4960 0.0015 0.0029 -0.0011 1.0000
28.0000 0.2194 -2.5757 0.5633 0.0010 0.0039 -0.0015 1.0000
29.0000 0.2222 -2.6466 0.5703 0.0007 0.0042 -0.0017 1.0000
30.0000 0.2286 -2.7115 0.5771 0.0006 0.0042 -0.0017 1.0000
31.0000 0.2213 -2.8184 0.5939 0.0005 0.0043 -0.0017 1.0000
32.0000 0.2383 -2.9101 0.6215 0.0008 0.0042 -0.0018 1.0000
33.0000 0.2343 -2.8956 0.6237 0.0007 0.0039 -0.0024 1.0000
34.0000 0.2395 -2.9422 0.6176 0.0009 0.0036 -0.0027 1.0000
35.0000 0.2359 -2.9229 0.5781 0.0010 0.0031 -0.0033 1.0000
36.0000 0.2426 -2.9735 0.5469 0.0010 0.0025 -0.0037 1.0000
37.0000 0.2427 -3.0221 0.5420 0.0008 0.0028 -0.0039 1.0000
38.0000 0.2277 -3.0514 0.5617 0.0006 0.0032 -0.0043 1.0000
39.0000 0.2377 -3.1293 0.5544 0.0002 0.0037 -0.0043 1.0000
40.0000 0.2465 -3.1909 0.5193 -0.0004 0.0037 -0.0044 1.0000
41.0000 0.2509 -3.2578 0.4979 -0.0008 0.0038 -0.0046 1.0000
42.0000 0.2710 -3.3923 0.5101 -0.0004 0.0038 -0.0045 1.0000
43.0000 0.2514 -3.4588 0.5278 -0.0002 0.0037 -0.0046 1.0000
44.0000 0.2754 -3.5245 0.5415 -0.0001 0.0036 -0.0048 1.0000
45.0000 0.2784 -3.6088 0.5498 -0.0001 0.0036 -0.0048 1.0000
46.0000 0.2785 -3.6774 0.5743 0.0001 0.0038 -0.0050 1.0000
47.0000 0.2891 -3.7641 0.5942 0.0003 0.0037 -0.0050 1.0000
48.0000 0.2865 -3.8134 0.6097 0.0003 0.0037 -0.0053 1.0000
49.0000 0.2897 -3.8879 0.6114 -0.0001 0.0037 -0.0053 1.0000
50.0000 0.3012 -3.9670 0.6140 -0.0002 0.0038 -0.0054 1.0000
51.0000 0.3144 -4.0273 0.6131 -0.0005 0.0039 -0.0054 1.0000
52.0000 0.3152 -4.1161 0.6103 -0.0006 0.0037 -0.0055 1.0000
53.0000 0.3294 -4.2089 0.6207 -0.0006 0.0036 -0.0054 1.0000
54.0000 0.3337 -4.3035 0.6386 -0.0004 0.0038 -0.0053 1.0000
55.0000 0.3395 -4.3592 0.6579 -0.0002 0.0044 -0.0053 1.0000
56.0000 0.3390 -4.4553 0.6697 -0.0002 0.0046 -0.0053 1.0000
57.0000 0.3409 -4.5484 0.6755 -0.0003 0.0047 -0.0052 1.0000
58.0000 0.3668 -4.6803 0.6860 -0.0003 0.0048 -0.0049 1.0000
59.0000 0.3586 -4.8749 0.7029 -0.0006 0.0048 -0.0042 1.0000
60.0000 0.3680 -4.9941 0.7187 -0.0006 0.0052 -0.0039 1.0000
61.0000 0.3882 -5.1359 0.7269 -0.0006 0.0052 -0.0033 1.0000
62.0000 0.4304 -5.2927 0.7389 -0.0004 0.0052 -0.0028 1.0000
63.0000 0.4335 -5.3976 0.7503 -0.0003 0.0050 -0.0026 1.0000
64.0000 0.4675 -5.5372 0.7542 -0.0006 0.0052 -0.0021 1.0000
65.0000 0.4627 -5.6453 0.7457 -0.0010 0.0051 -0.0018 1.0000
66.0000 0.4607 -5.7836 0.7380 -0.0013 0.0049 -0.0012 1.0000
67.0000 0.4947 -5.8850 0.7488 -0.0013 0.0050 -0.0008 1.0000
68.0000 0.5220 -6.0062 0.7567 -0.0013 0.0049 -0.0004 1.0000
69.0000 0.5390 -6.1330 0.7698 -0.0013 0.0049 0.0001 1.0000
70.0000 0.5667 -6.2244 0.7762 -0.0014 0.0051 0.0005 1.0000
71.0000 0.5815 -6.3461 0.7706 -0.0015 0.0053 0.0010 1.0000
72.0000 0.5935 -6.4069 0.7682 -0.0015 0.0053 0.0011 1.0000
73.0000 0.6042 -6.5376 0.7849 -0.0014 0.0053 0.0017 1.0000
74.0000 0.6149 -6.6284 0.8021 -0.0012 0.0053 0.0020 1.0000
75.0000 0.6207 -6.7186 0.8166 -0.0010 0.0053 0.0022 1.0000
76.0000 0.6361 -6.8297 0.8238 -0.0010 0.0055 0.0027 1.0000
77.0000 0.6308 -6.8945 0.8357 -0.0010 0.0058 0.0029 1.0000
78.0000 0.6674 -7.0171 0.8405 -0.0009 0.0059 0.0035 1.0000
79.0000 0.6793 -7.1188 0.8457 -0.0010 0.0059 0.0039 1.0000
80.0000 0.6955 -7.2471 0.8480 -0.0008 0.0057 0.0045 1.0000
81.0000 0.6970 -7.3561 0.8505 -0.0009 0.0056 0.0050 1.0000
82.0000 0.6922 -7.4116 0.8629 -0.0010 0.0055 0.0051 1.0000
83.0000 0.6994 -7.4915 0.8671 -0.0009 0.0055 0.0054 1.0000
84.0000 0.7098 -7.5734 0.8753 -0.0007 0.0054 0.0058 1.0000
85.0000 0.6980 -7.6233 0.8822 -0.0009 0.0053 0.0059 1.0000
86.0000 0.7026 -7.6682 0.8981 -0.0007 0.0052 0.0058 1.0000
87.0000 0.7141 -7.7075 0.9086 -0.0004 0.0052 0.0059 1.0000
88.0000 0.7204 -7.7419 0.9252 -0.0001 0.0052 0.0058 1.0000
89.0000 0.6957 -7.7819 0.9412 -0.0001 0.0051 0.0058 1.0000
90.0000 0.6753 -7.8107 0.9517 -0.0001 0.0048 0.0056 1.0000
91.0000 0.6925 -7.8410 0.9619 -0.0003 0.0047 0.0054 1.0000
92.0000 0.6647 -7.8814 0.9685 -0.0002 0.0046 0.0054 1.0000
93.0000 0.6519 -7.8959 0.9680 0.0000 0.0048 0.0052 1.0000
94.0000 0.6312 -7.9032 0.9705 -0.0001 0.0048 0.0049 1.0000
95.0000 0.6375 -7.9034 0.9716 -0.0001 0.0047 0.0047 1.0000
96.0000 0.6170 -7.9198 0.9795 0.0001 0.0047 0.0044 1.0000
97.0000 0.6086 -7.9051 0.9959 0.0002 0.0050 0.0040 1.0000
98.0000 0.5988 -7.9078 1.0069 0.0009 0.0048 0.0037 1.0000
99.0000 0.5791 -7.8707 1.0828 0.0017 0.0054 0.0032 1.0000
100.0000 0.5789 -7.8829 1.1394 0.0018 0.0057 0.0030 1.0000
101.0000 0.5975 -7.8828 1.1434 0.0019 0.0054 0.0027 1.0000
102.0000 0.5715 -7.8998 1.1446 0.0020 0.0053 0.0025 1.0000
103.0000 0.5733 -7.9064 1.1516 0.0023 0.0054 0.0024 1.0000
104.0000 0.5698 -7.9143 1.1783 0.0027 0.0054 0.0023 1.0000
105.0000 0.5824 -7.9847 1.2127 0.0034 0.0056 0.0027 1.0000
106.0000 0.5880 -8.0081 1.2554 0.0039 0.0064 0.0027 1.0000
107.0000 0.6082 -8.0333 1.2494 0.0034 0.0070 0.0027 1.0000
108.0000 0.5553 -8.0441 1.2246 0.0030 0.0070 0.0027 1.0000
109.0000 0.5588 -8.0343 1.1848 0.0023 0.0058 0.0024 1.0000
110.0000 0.5476 -8.0635 1.1831 0.0026 0.0050 0.0025 1.0000
111.0000 0.5553 -8.1368 1.2214 0.0030 0.0051 0.0028 1.0000
112.0000 0.5583 -8.1538 1.2547 0.0027 0.0055 0.0028 1.0000
113.0000 0.5259 -8.1502 1.2435 0.0025 0.0059 0.0029 1.0000
114.0000 0.5484 -8.1588 1.2277 0.0024 0.0060 0.0027 1.0000
115.0000 0.5431 -8.2153 1.2070 0.0024 0.0058 0.0031 1.0000
116.0000 0.5634 -8.2425 1.2164 0.0021 0.0055 0.0032 1.0000
117.0000 0.5362 -8.2805 1.2062 0.0019 0.0055 0.0033 1.0000
118.0000 0.5498 -8.2889 1.2129 0.0017 0.0054 0.0033 1.0000
119.0000 0.5647 -8.3115 1.2052 0.0015 0.0054 0.0034 1.0000
120.0000 0.5601 -8.3488 1.2102 0.0012 0.0054 0.0036 1.0000
121.0000 0.5671 -8.3783 1.2189 0.0012 0.0057 0.0038 1.0000
122.0000 0.5526 -8.3914 1.2026 0.0014 0.0062 0.0039 1.0000
123.0000 0.5585 -8.4405 1.1897 0.0011 0.0065 0.0042 1.0000
124.0000 0.5470 -8.4294 1.1725 0.0009 0.0065 0.0043 1.0000
125.0000 0.5505 -8.4316 1.1664 0.0009 0.0063 0.0041 1.0000
126.0000 0.5547 -8.4550 1.1682 0.0008 0.0059 0.0043 1.0000
127.0000 0.5263 -8.4686 1.1763 0.0006 0.0055 0.0042 1.0000
128.0000 0.5163 -8.4824 1.1764 0.0004 0.0054 0.0041 1.0000
129.0000 0.5160 -8.5352 1.1770 0.0003 0.0052 0.0044 1.0000
130.0000 0.5182 -8.5316 1.1764 0.0004 0.0052 0.0045 1.0000
131.0000 0.5280 -8.5472 1.1827 0.0006 0.0052 0.0046 1.0000
132.0000 0.5063 -8.5474 1.1789 0.0007 0.0053 0.0045 1.0000
133.0000 0.5008 -8.5340 1.1789 0.0008 0.0054 0.0044 1.0000
134.0000 0.5119 -8.5506 1.1779 0.0009 0.0053 0.0046 1.0000
135.0000 0.5298 -8.5567 1.1775 0.0007 0.0052 0.0044 1.0000
136.0000 0.5498 -8.5605 1.1794 0.0010 0.0054 0.0045 1.0000
137.0000 0.5442 -8.5876 1.1829 0.0011 0.0053 0.0046 1.0000
138.0000 0.5185 -8.6058 1.1808 0.0012 0.0054 0.0046 1.0000
139.0000 0.5308 -8.5724 1.1724 0.0011 0.0056 0.0044 1.0000
140.0000 0.5253 -8.5673 1.1758 0.0011 0.0055 0.0044 1.0000
141.0000 0.5119 -8.6005 1.1832 0.0010 0.0055 0.0046 1.0000
142.0000 0.4953 -8.6166 1.1792 0.0011 0.0055 0.0045 1.0000
143.0000 0.5119 -8.6112 1.1847 0.0012 0.0055 0.0046 1.0000
144.0000 0.5292 -8.6048 1.1787 0.0012 0.0056 0.0047 1.0000
145.0000 0.5134 -8.6203 1.1829 0.0011 0.0056 0.0046 1.0000
146.0000 0.5095 -8.6241 1.1832 0.0011 0.0056 0.0047 1.0000
147.0000 0.5141 -8.6137 1.1806 0.0011 0.0057 0.0047 1.0000
148.0000 0.4951 -8.6314 1.1817 0.0011 0.0058 0.0047 1.0000
149.0000 0.5051 -8.6308 1.1774 0.0010 0.0059 0.0046 1.0000
150.0000 0.5044 -8.6213 1.1756 0.0011 0.0060 0.0046 1.0000
151.0000 0.4900 -8.6373 1.1784 0.0010 0.0059 0.0046 1.0000
152.0000 0.4968 -8.6158 1.1797 0.0012 0.0060 0.0046 1.0000
153.0000 0.4843 -8.6363 1.1718 0.0014 0.0059 0.0046 1.0000
154.0000 0.4833 -8.6198 1.1741 0.0014 0.0059 0.0046 1.0000
155.0000 0.4831 -8.6177 1.1812 0.0013 0.0059 0.0046 1.0000
156.0000 0.4790 -8.6205 1.1778 0.0013 0.0061 0.0047 1.0000
157.0000 0.4820 -8.6097 1.1779 0.0013 0.0062 0.0046 1.0000
158.0000 0.4892 -8.6198 1.1805 0.0012 0.0061 0.0046 1.0000
159.0000 0.4783 -8.6250 1.1838 0.0012 0.0061 0.0046 1.0000
160.0000 0.4901 -8.6074 1.1742 0.0012 0.0062 0.0047 1.0000
161.0000 0.4806 -8.6129 1.1796 0.0011 0.0062 0.0046 1.0000
162.0000 0.4624 -8.6337 1.1795 0.0010 0.0062 0.0047 1.0000
163.0000 0.4756 -8.6128 1.1758 0.0010 0.0061 0.0046 1.0000
164.0000 0.4681 -8.6272 1.1814 0.0009 0.0059 0.0046 1.0000
165.0000 0.4777 -8.6153 1.1805 0.0008 0.0060 0.0047 1.0000
166.0000 0.4702 -8.6098 1.1809 0.0009 0.0060 0.0047 1.0000
167.0000 0.4752 -8.6244 1.1759 0.0009 0.0060 0.0046 1.0000
168.0000 0.4896 -8.6164 1.1757 0.0007 0.0059 0.0046 1.0000
169.0000 0.4788 -8.6248 1.1773 0.0008 0.0059 0.0046 1.0000
170.0000 0.4773 -8.6245 1.1826 0.0009 0.0058 0.0045 1.0000
171.0000 0.4838 -8.6219 1.1812 0.0009 0.0058 0.0047 1.0000
172.0000 0.4704 -8.6168 1.1847 0.0008 0.0059 0.0047 1.0000
173.0000 0.4750 -8.6219 1.1791 0.0006 0.0058 0.0046 1.0000
174.0000 0.4770 -8.6262 1.1780 0.0007 0.0060 0.0047 1.0000
175.0000 0.4664 -8.6139 1.1761 0.0007 0.0060 0.0047 1.0000
176.0000 0.4673 -8.6167 1.1782 0.0007 0.0060 0.0047 1.0000
177.0000 0.4757 -8.6277 1.1752 0.0007 0.0060 0.0047 1.0000
178.0000 0.4766 -8.6082 1.1738 0.0006 0.0059 0.0046 1.0000
179.0000 0.4860 -8.6263 1.1729 0.0005 0.0060 0.0046 1.0000
180.0000 0.4823 -8.6073 1.1732 0.0005 0.0060 0.0046 1.0000
181.0000 0.4652 -8.6198 1.1754 0.0005 0.0059 0.0047 1.0000
182.0000 0.4789 -8.6166 1.1753 0.0004 0.0059 0.0047 1.0000
183.0000 0.4799 -8.6205 1.1748 0.0004 0.0060 0.0047 1.0000
184.0000 0.4909 -8.6190 1.1741 0.0004 0.0060 0.0046 1.0000
185.0000 0.4761 -8.6172 1.1749 0.0005 0.0059 0.0047 1.0000
186.0000 0.4759 -8.6179 1.1717 0.0004 0.0058 0.0046 1.0000
187.0000 0.4955 -8.6142 1.1717 0.0003 0.0058 0.0046 1.0000
188.0000 0.4805 -8.6171 1.1714 0.0004 0.0059 0.0047 1.0000
189.0000 0.4750 -8.6208 1.1727 0.0003 0.0059 0.0047 1.0000
190.0000 0.4732 -8.6028 1.1746 0.0003 0.0059 0.0046 1.0000
191.0000 0.4819 -8.6172 1.1739 0.0003 0.0059 0.0046 1.0000
192.0000 0.4845 -8.6124 1.1755 0.0004 0.0060 0.0046 1.0000
193.0000 0.4742 -8.6147 1.1741 0.0004 0.0060 0.0046 1.0000
194.0000 0.4799 -8.6188 1.1717 0.0004 0.0061 0.0046 1.0000
195.0000 0.4785 -8.6200 1.1737 0.0005 0.0061 0.0046 1.0000
196.0000 0.4751 -8.6251 1.1758 0.0005 0.0062 0.0047 1.0000
197.0000 0.4765 -8.6213 1.1732 0.0004 0.0063 0.0046 1.0000
198.0000 0.4779 -8.6121 1.1751 0.0004 0.0064 0.0047 1.0000
199.0000 0.4727 -8.6160 1.1712 0.0003 0.0064 0.0047 1.0000
200.0000 0.4773 -8.6195 1.1721 0.0003 0.0064 0.0046 1.0000
201.0000 0.4841 -8.6128 1.1727 0.0003 0.0063 0.0046 1.0000
202.0000 0.4717 -8.6267 1.1718 0.0004 0.0063 0.0047 1.0000
203.0000 0.4806 -8.6150 1.1731 0.0003 0.0063 0.0046 1.0000
204.0000 0.4754 -8.6185 1.1759 0.0004 0.0063 0.0046 1.0000
205.0000 0.4750 -8.6247 1.1778 0.0004 0.0063 0.0047 1.0000
206.0000 0.4696 -8.6190 1.1794 0.0004 0.0063 0.0047 1.0000
207.0000 0.4677 -8.6168 1.1743 0.0004 0.0063 0.0046 1.0000
208.0000 0.4860 -8.6220 1.1808 0.0004 0.0063 0.0046 1.0000
209.0000 0.4679 -8.6219 1.1807 0.0004 0.0063 0.0047 1.0000
210.0000 0.4865 -8.6164 1.1767 0.0004 0.0062 0.0046 1.0000
211.0000 0.4741 -8.6166 1.1778 0.0005 0.0063 0.0046 1.0000
212.0000 0.4733 -8.6136 1.1748 0.0005 0.0063 0.0046 1.0000
213.0000 0.4728 -8.6313 1.1741 0.0006 0.0063 0.0047 1.0000
214.0000 0.4780 -8.6181 1.1729 0.0006 0.0064 0.0047 1.0000
215.0000 0.4817 -8.6156 1.1747 0.0006 0.0064 0.0046 1.0000
216.0000 0.4782 -8.6118 1.1761 0.0008 0.0065 0.0047 1.0000
217.0000 0.4787 -8.6160 1.1802 0.0007 0.0066 0.0047 1.0000
218.0000 0.4777 -8.6141 1.1716 0.0007 0.0067 0.0046 1.0000
219.0000 0.4729 -8.6161 1.1826 0.0008 0.0067 0.0047 1.0000
220.0000 0.4866 -8.6218 1.1732 0.0009 0.0067 0.0046 1.0000
221.0000 0.4844 -8.6148 1.1768 0.0010 0.0068 0.0047 1.0000
222.0000 0.4703 -8.6243 1.1755 0.0010 0.0068 0.0046 1.0000
223.0000 0.4698 -8.6112 1.1754 0.0011 0.0069 0.0047 1.0000
224.0000 0.4790 -8.6268 1.1766 0.0010 0.0068 0.0046 1.0000
225.0000 0.4748 -8.6117 1.1749 0.0012 0.0068 0.0046 1.0000
226.0000 0.4722 -8.6116 1.1753 0.0012 0.0068 0.0046 1.0000
227.0000 0.4746 -8.6104 1.1775 0.0014 0.0068 0.0047 1.0000
228.0000 0.4791 -8.6226 1.1738 0.0016 0.0067 0.0046 1.0000
229.0000 0.4691 -8.6202 1.1782 0.0016 0.0068 0.0047 1.0000
230.0000 0.4786 -8.6174 1.1811 0.0016 0.0067 0.0046 1.0000
231.0000 0.4733 -8.6306 1.1767 0.0016 0.0068 0.0046 1.0000
232.0000 0.4751 -8.6158 1.1759 0.0016 0.0068 0.0047 1.0000
233.0000 0.4817 -8.6170 1.1731 0.0017 0.0068 0.0047 1.0000
234.0000 0.4817 -8.6142 1.1744 0.0018 0.0068 0.0046 1.0000
235.0000 0.4789 -8.6175 1.1781 0.0018 0.0069 0.0046 1.0000
236.0000 0.4780 -8.6197 1.1822 0.0018 0.0068 0.0047 1.0000
237.0000 0.4753 -8.6180 1.1864 0.0018 0.0068 0.0047 1.0000
238.0000 0.4730 -8.6282 1.1837 0.0018 0.0069 0.0046 1.0000
239.0000 0.4790 -8.6325 1.1843 0.0018 0.0070 0.0047 1.0000
240.0000 0.4749 -8.6212 1.1879 0.0020 0.0071 0.0047 1.0000
241.0000 0.4656 -8.6211 1.1834 0.0020 0.0071 0.0047 1.0000
242.0000 0.4869 -8.6223 1.1816 0.0020 0.0072 0.0047 1.0000
243.0000 0.4649 -8.6323 1.1828 0.0020 0.0072 0.0046 1.0000
244.0000 0.4793 -8.6275 1.1805 0.0020 0.0072 0.0047 1.0000
245.0000 0.4708 -8.6300 1.1861 0.0020 0.0072 0.0047 1.0000
246.0000 0.4747 -8.6278 1.1833 0.0021 0.0072 0.0046 1.0000
247.0000 0.4749 -8.6312 1.1844 0.0022 0.0073 0.0047 1.0000
248.0000 0.4850 -8.6212 1.1838 0.0021 0.0072 0.0046 1.0000
249.0000 0.4751 -8.6218 1.1882 0.0021 0.0073 0.0047 1.0000
250.0000 0.4819 -8.6352 1.1858 0.0021 0.0073 0.0046 1.0000
251.0000 0.4795 -8.6188 1.1879 0.0021 0.0074 0.0047 1.0000
252.0000 0.4817 -8.6196 1.1860 0.0022 0.0074 0.0047 1.0000
253.0000 0.4821 -8.6259 1.1815 0.0022 0.0074 0.0046 1.0000
254.0000 0.4729 -8.6376 1.1792 0.0022 0.0073 0.0046 1.0000
255.0000 0.4706 -8.6390 1.1809 0.0023 0.0074 0.0046 1.0000
256.0000 0.4743 -8.6324 1.1802 0.0023 0.0073 0.0046 1.0000
257.0000 0.4869 -8.6341 1.1857 0.0023 0.0074 0.0047 1.0000
258.0000 0.4814 -8.6312 1.1802 0.0023 0.0075 0.0047 1.0000
259.0000 0.4752 -8.6304 1.1825 0.0024 0.0075 0.0046 1.0000
260.0000 0.4717 -8.6371 1.1884 0.0024 0.0075 0.0047 1.0000
261.0000 0.4819 -8.6230 1.1850 0.0024 0.0075 0.0047 1.0000
262.0000 0.4773 -8.6282 1.1804 0.0024 0.0075 0.0047 1.0000
263.0000 0.4668 -8.6452 1.1773 0.0025 0.0074 0.0046 1.0000
264.0000 0.4834 -8.6210 1.1846 0.0026 0.0075 0.0047 1.0000
265.0000 0.4687 -8.6383 1.1824 0.0026 0.0076 0.0047 1.0000
266.0000 0.4768 -8.6209 1.1804 0.0025 0.0076 0.0046 1.0000
267.0000 0.4785 -8.6212 1.1823 0.0026 0.0076 0.0047 1.0000
268.0000 0.4804 -8.6322 1.1794 0.0026 0.0076 0.0047 1.0000
269.0000 0.4783 -8.6166 1.1827 0.0027 0.0076 0.0047 1.0000
270.0000 0.4586 -8.6379 1.1870 0.0027 0.0076 0.0047 1.0000
271.0000 0.4679 -8.6373 1.1845 0.0027 0.0076 0.0047 1.0000
272.0000 0.4693 -8.6138 1.1766 0.0028 0.0077 0.0046 1.0000
273.0000 0.4620 -8.6223 1.1760 0.0028 0.0078 0.0047 1.0000
274.0000 0.4916 -8.6210 1.1762 0.0027 0.0076 0.0047 1.0000
275.0000 0.4781 -8.6442 1.1813 0.0027 0.0076 0.0046 1.0000
276.0000 0.4896 -8.6223 1.1780 0.0028 0.0076 0.0047 1.0000
277.0000 0.4842 -8.6156 1.1771 0.0028 0.0077 0.0046 1.0000
278.0000 0.4766 -8.6183 1.1775 0.0029 0.0078 0.0046 1.0000
279.0000 0.4730 -8.6276 1.1785 0.0029 0.0077 0.0046 1.0000
280.0000 0.4836 -8.6136 1.1797 0.0029 0.0078 0.0046 1.0000
281.0000 0.4751 -8.6283 1.1790 0.0030 0.0077 0.0046 1.0000
282.0000 0.4820 -8.6150 1.1794 0.0028 0.0078 0.0046 1.0000
283.0000 0.4819 -8.6274 1.1842 0.0028 0.0078 0.0047 1.0000
284.0000 0.4665 -8.6303 1.1826 0.0028 0.0079 0.0047 1.0000
285.0000 0.4770 -8.6141 1.1833 0.0028 0.0078 0.0046 1.0000
286.0000 0.4666 -8.6184 1.1841 0.0028 0.0079 0.0047 1.0000
287.0000 0.4749 -8.6160 1.1818 0.0028 0.0079 0.0047 1.0000
288.0000 0.4846 -8.6182 1.1866 0.0029 0.0080 0.0046 1.0000
289.0000 0.4889 -8.6194 1.1837 0.0028 0.0080 0.0047 1.0000
290.0000 0.4863 -8.6114 1.1840 0.0028 0.0079 0.0046 1.0000
291.0000 0.4926 -8.6149 1.1917 0.0027 0.0078 0.0046 1.0000
292.0000 0.4890 -8.6187 1.1842 0.0028 0.0079 0.0046 1.0000
293.0000 0.4870 -8.6134 1.1813 0.0027 0.0079 0.0047 1.0000
294.0000 0.4799 -8.6312 1.1870 0.0026 0.0078 0.0046 1.0000
295.0000 0.4743 -8.6345 1.1819 0.0026 0.0079 0.0047 1.0000
296.0000 0.4821 -8.6137 1.1850 0.0025 0.0079 0.0046 1.0000
297.0000 0.4891 -8.6263 1.1822 0.0025 0.0080 0.0046 1.0000
298.0000 0.4782 -8.6303 1.1813 0.0025 0.0081 0.0047 1.0000
299.0000 0.4975 -8.6281 1.1852 0.0025 0.0081 0.0047 1.0000
300.0000 0.4765 -8.6245 1.1814 0.0025 0.0083 0.0046 1.0000
301.0000 0.4805 -8.6280 1.1821 0.0026 0.0082 0.0046 1.0000
302.0000 0.4847 -8.6347 1.1782 0.0026 0.0081 0.0046 1.0000
303.0000 0.4717 -8.6302 1.1772 0.0027 0.0082 0.0047 1.0000
304.0000 0.4866 -8.6202 1.1809 0.0027 0.0083 0.0046 1.0000
305.0000 0.4809 -8.6337 1.1861 0.0027 0.0081 0.0046 1.0000
306.0000 0.4760 -8.6252 1.1845 0.0027 0.0082 0.0046 1.0000
307.0000 0.4850 -8.6281 1.1864 0.0026 0.0081 0.0046 1.0000
308.0000 0.4869 -8.6260 1.1821 0.0026 0.0080 0.0045 1.0000
309.0000 0.4780 -8.6350 1.1845 0.0027 0.0080 0.0047 1.0000
310.0000 0.4796 -8.6349 1.1826 0.0027 0.0081 0.0046 1.0000
311.0000 0.4837 -8.6317 1.1821 0.0028 0.0080 0.0047 1.0000
312.0000 0.4711 -8.6464 1.1881 0.0028 0.0081 0.0046 1.0000
313.0000 0.4788 -8.6225 1.1852 0.0028 0.0081 0.0046 1.0000
314.0000 0.4712 -8.6239 1.1826 0.0028 0.0080 0.0046 1.0000
315.0000 0.4821 -8.6187 1.1873 0.0029 0.0080 0.0046 1.0000
316.0000 0.4810 -8.6225 1.1833 0.0028 0.0080 0.0046 1.0000
317.0000 0.4779 -8.6377 1.1835 0.0028 0.0080 0.0047 1.0000
318.0000 0.4812 -8.6411 1.1859 0.0028 0.0080 0.0047 1.0000
319.0000 0.4777 -8.6382 1.1861 0.0030 0.0081 0.0047 1.0000
320.0000 0.4839 -8.6298 1.1834 0.0030 0.0081 0.0046 1.0000
321.0000 0.4809 -8.6231 1.1764 0.0031 0.0081 0.0046 1.0000
322.0000 0.4773 -8.6292 1.1789 0.0031 0.0081 0.0047 1.0000
323.0000 0.4668 -8.6254 1.1808 0.0031 0.0081 0.0047 1.0000
324.0000 0.4724 -8.6316 1.1832 0.0031 0.0081 0.0047 1.0000
325.0000 0.4725 -8.6269 1.1866 0.0033 0.0081 0.0047 1.0000
326.0000 0.4772 -8.6294 1.1852 0.0033 0.0080 0.0047 1.0000
327.0000 0.4758 -8.6188 1.1809 0.0033 0.0081 0.0047 1.0000
328.0000 0.4780 -8.6142 1.1792 0.0034 0.0080 0.0047 1.0000
329.0000 0.4877 -8.6243 1.1818 0.0034 0.0080 0.0047 1.0000
330.0000 0.4764 -8.6214 1.1802 0.0034 0.0080 0.0046 1.0000
331.0000 0.4699 -8.6312 1.1821 0.0035 0.0080 0.0047 1.0000
332.0000 0.4759 -8.6132 1.1856 0.0035 0.0081 0.0046 1.0000
333.0000 0.4750 -8.6204 1.1837 0.0035 0.0080 0.0047 1.0000
334.0000 0.4661 -8.6285 1.1829 0.0035 0.0081 0.0047 0.9999
335.0000 0.4629 -8.6383 1.1847 0.0035 0.0081 0.0047 0.9999
336.0000 0.4813 -8.6148 1.1795 0.0037 0.0082 0.0047 0.9999
337.0000 0.5000 -8.6116 1.1788 0.0037 0.0084 0.0046 0.9999
338.0000 0.4808 -8.6180 1.1787 0.0037 0.0085 0.0046 0.9999
339.0000 0.4828 -8.6230 1.1821 0.0036 0.0085 0.0046 0.9999
340.0000 0.4793 -8.6284 1.1876 0.0036 0.0085 0.0047 0.9999
341.0000 0.4727 -8.6286 1.1810 0.0036 0.0085 0.0047 0.9999
342.0000 0.4766 -8.6293 1.1819 0.0037 0.0084 0.0047 0.9999
343.0000 0.4757 -8.6306 1.1838 0.0037 0.0084 0.0047 0.9999
344.0000 0.4886 -8.6187 1.1808 0.0036 0.0085 0.0046 0.9999
345.0000 0.4841 -8.6220 1.1833 0.0036 0.0085 0.0046 0.9999
346.0000 0.4718 -8.6350 1.1816 0.0037 0.0084 0.0047 0.9999
347.0000 0.4802 -8.6243 1.1827 0.0038 0.0085 0.0047 0.9999
348.0000 0.4775 -8.6248 1.1805 0.0038 0.0085 0.0046 0.9999
349.0000 0.4754 -8.6266 1.1796 0.0038 0.0087 0.0047 0.9999
350.0000 0.4743 -8.6173 1.1765 0.0039 0.0087 0.0047 0.9999
351.0000 0.4641 -8.6418 1.1762 0.0040 0.0086 0.0046 0.9999
352.0000 0.4779 -8.6206 1.1724 0.0041 0.0086 0.0046 0.9999
353.0000 0.4819 -8.6177 1.1739 0.0040 0.0086 0.0046 0.9999
354.0000 0.4823 -8.6171 1.1746 0.0041 0.0086 0.0046 0.9999
355.0000 0.4848 -8.6216 1.1781 0.0042 0.0087 0.0047 0.9999
356.0000 0.4811 -8.6243 1.1798 0.0042 0.0086 0.0047 0.9999
357.0000 0.4762 -8.6214 1.1719 0.0043 0.0086 0.0046 0.9999
358.0000 0.4796 -8.6240 1.1764 0.0042 0.0087 0.0047 0.9999
359.0000 0.4734 -8.6151 1.1795 0.0042 0.0087 0.0047 0.9999
360.0000 0.4798 -8.6106 1.1787 0.0042 0.0088 0.0047 0.9999
361.0000 0.4839 -8.6194 1.1846 0.0042 0.0088 0.0046 0.9999
362.0000 0.4860 -8.6204 1.1763 0.0041 0.0088 0.0047 0.9999
363.0000 0.4844 -8.6254 1.1830 0.0041 0.0089 0.0046 0.9999
364.0000 0.4772 -8.6100 1.1805 0.0040 0.0090 0.0046 0.9999
365.0000 0.4787 -8.6260 1.1807 0.0040 0.0090 0.0046 0.9999
366.0000 0.4852 -8.6202 1.1760 0.0040 0.0089 0.0046 0.9999
367.0000 0.4688 -8.6268 1.1831 0.0040 0.0089 0.0047 0.9999
368.0000 0.4781 -8.6367 1.1780 0.0039 0.0089 0.0047 0.9999
369.0000 0.4958 -8.6243 1.1818 0.0039 0.0090 0.0046 0.9999
370.0000 0.4919 -8.6244 1.1820 0.0041 0.0090 0.0046 0.9999
371.0000 0.4864 -8.6324 1.1789 0.0041 0.0090 0.0046 0.9999
372.0000 0.4912 -8.6180 1.1780 0.0041 0.0091 0.0046 0.9999
373.0000 0.4709 -8.6248 1.1825 0.0040 0.0090 0.0047 0.9999
374.0000 0.4809 -8.6188 1.1806 0.0040 0.0091 0.0046 0.9999
375.0000 0.4860 -8.6161 1.1820 0.0041 0.0091 0.0046 0.9999
376.0000 0.4737 -8.6242 1.1821 0.0041 0.0091 0.0046 0.9999
377.0000 0.4680 -8.6374 1.1838 0.0041 0.0091 0.0047 0.9999
378.0000 0.4697 -8.6256 1.1828 0.0041 0.0092 0.0046 0.9999
379.0000 0.4616 -8.6473 1.1831 0.0040 0.0091 0.0047 0.9999
380.0000 0.4822 -8.6181 1.1827 0.0040 0.0091 0.0046 0.9999
381.0000 0.4634 -8.6337 1.1812 0.0039 0.0090 0.0047 0.9999
382.0000 0.4745 -8.6346 1.1808 0.0040 0.0090 0.0046 0.9999
383.0000 0.4676 -8.6224 1.1772 0.0040 0.0090 0.0046 0.9999
384.0000 0.4704 -8.6290 1.1796 0.0040 0.0090 0.0047 0.9999
385.0000 0.4730 -8.6312 1.1830 0.0041 0.0090 0.0047 0.9999
386.0000 0.4868 -8.6221 1.1799 0.0041 0.0090 0.0046 0.9999
387.0000 0.4793 -8.6147 1.1819 0.0041 0.0090 0.0046 0.9999
388.0000 0.4751 -8.6293 1.1833 0.0042 0.0090 0.0047 0.9999
389.0000 0.4843 -8.6197 1.1782 0.0042 0.0090 0.0047 0.9999
390.0000 0.4833 -8.6327 1.1782 0.0041 0.0090 0.0046 0.9999
391.0000 0.4703 -8.6184 1.1823 0.0042 0.0089 0.0046 0.9999
392.0000 0.4771 -8.6361 1.1755 0.0042 0.0090 0.0047 0.9999
393.0000 0.4900 -8.6138 1.1772 0.0042 0.0089 0.0046 0.9999
394.0000 0.4640 -8.6403 1.1817 0.0042 0.0087 0.0047 0.9999
395.0000 0.4657 -8.6263 1.1795 0.0043 0.0089 0.0047 0.9999
396.0000 0.4788 -8.6152 1.1763 0.0042 0.0088 0.0047 0.9999
397.0000 0.4720 -8.6230 1.1779 0.0042 0.0089 0.0046 0.9999
398.0000 0.4798 -8.6126 1.1770 0.0042 0.0089 0.0047 0.9999
399.0000 0.4780 -8.6261 1.1826 0.0042 0.0089 0.0046 0.9999
400.0000 0.4873 -8.6255 1.1887 0.0045 0.0090 0.0047 0.9999
401.0000 0.5117 -8.6024 1.1965 0.0049 0.0091 0.0047 0.9999
402.0000 0.5344 -8.6003 1.2386 0.0057 0.0097 0.0046 0.9999
403.0000 0.5304 -8.6023 1.2781 0.0061 0.0102 0.0046 0.9999
404.0000 0.5601 -8.6125 1.4157 0.0057 0.0115 0.0045 0.9999
405.0000 0.5528 -8.5851 1.4486 0.0061 0.0117 0.0044 0.9999
406.0000 0.5900 -8.6109 1.4841 0.0067 0.0120 0.0045 0.9999
407.0000 0.6408 -8.6239 1.4852 0.0071 0.0121 0.0046 0.9999
408.0000 0.6504 -8.6672 1.4984 0.0071 0.0123 0.0049 0.9999
409.0000 0.6919 -8.6471 1.5100 0.0073 0.0126 0.0045 0.9999
410.0000 0.7224 -8.6586 1.5305 0.0074 0.0129 0.0047 0.9999
411.0000 0.7342 -8.6816 1.5214 0.0077 0.0129 0.0047 0.9999
412.0000 0.7662 -8.6981 1.5190 0.0077 0.0132 0.0048 0.9999
413.0000 0.7878 -8.7132 1.5227 0.0077 0.0131 0.0048 0.9999
414.0000 0.7848 -8.7461 1.5357 0.0077 0.0135 0.0048 0.9999
415.0000 0.8144 -8.7742 1.5319 0.0079 0.0136 0.0050 0.9999
416.0000 0.8489 -8.7976 1.5369 0.0079 0.0136 0.0049 0.9999
417.0000 0.8892 -8.8317 1.5432 0.0083 0.0137 0.0052 0.9999
418.0000 0.9168 -8.8729 1.5570 0.0086 0.0141 0.0052 0.9999
419.0000 0.9497 -8.9206 1.5683 0.0088 0.0143 0.0054 0.9998
420.0000 0.9642 -8.9187 1.6072 0.0091 0.0151 0.0052 0.9998
421.0000 0.9676 -8.9576 1.5897 0.0086 0.0152 0.0049 0.9998
422.0000 0.9384 -8.9699 1.5062 0.0077 0.0145 0.0046 0.9999
423.0000 0.9307 -9.0220 1.4791 0.0069 0.0143 0.0045 0.9999
424.0000 0.9563 -9.0482 1.4106 0.0065 0.0134 0.0043 0.9999
425.0000 0.9702 -9.0341 1.3857 0.0067 0.0131 0.0041 0.9999
426.0000 1.0058 -9.0623 1.3979 0.0066 0.0134 0.0038 0.9999
427.0000 1.0295 -9.0762 1.4125 0.0074 0.0140 0.0035 0.9999
428.0000 1.0547 -9.1212 1.4743 0.0080 0.0150 0.0033 0.9999
429.0000 1.0861 -9.1279 1.4989 0.0085 0.0156 0.0028 0.9998
430.0000 1.1010 -9.1604 1.5376 0.0085 0.0160 0.0024 0.9998
431.0000 1.1118 -9.1949 1.5573 0.0084 0.0164 0.0020 0.9998
432.0000 1.1498 -9.2121 1.5280 0.0084 0.0164 0.0015 0.9998
433.0000 1.1547 -9.2019 1.4862 0.0082 0.0167 0.0010 0.9998
434.0000 1.0861 -9.2271 1.4365 0.0072 0.0162 0.0004 0.9998
435.0000 1.0184 -9.2990 1.3458 0.0067 0.0148 -0.0001 0.9999
436.0000 1.0266 -9.3365 1.3246 0.0068 0.0143 -0.0005 0.9999
437.0000 1.0470 -9.3903 1.3211 0.0067 0.0142 -0.0007 0.9999
438.0000 1.0549 -9.4340 1.3437 0.0065 0.0140 -0.0009 0.9999
439.0000 1.0602 -9.4980 1.3408 0.0067 0.0141 -0.0008 0.9999
440.0000 1.0850 -9.5591 1.3381 0.0066 0.0142 -0.0010 0.9999
441.0000 1.0885 -9.5986 1.3673 0.0063 0.0139 -0.0010 0.9999
442.0000 1.0859 -9.6687 1.3585 0.0063 0.0135 -0.0010 0.9999
443.0000 1.0829 -9.7127 1.3638 0.0059 0.0144 -0.0011 0.9999
444.0000 1.1074 -9.7603 1.3469 0.0050 0.0137 -0.0010 0.9999
445.0000 1.1156 -9.8461 1.3410 0.0056 0.0130 -0.0009 0.9999
446.0000 1.1358 -9.8913 1.2954 0.0063 0.0125 -0.0010 0.9999
447.0000 1.1674 -9.9605 1.2372 0.0074 0.0134 -0.0010 0.9999
448.0000 1.1950 -10.0092 1.2743 0.0078 0.0143 -0.0010 0.9999
449.0000 1.2180 -10.0679 1.2870 0.0073 0.0146 -0.0010 0.9999
450.0000 1.2152 -10.1215 1.2680 0.0075 0.0140 -0.0012 0.9999
451.0000 1.2513 -10.1860 1.2348 0.0074 0.0133 -0.0015 0.9999
452.0000 1.2714 -10.2642 1.2015 0.0067 0.0132 -0.0013 0.9999
453.0000 1.2605 -10.3305 1.1676 0.0070 0.0131 -0.0014 0.9999
454.0000 1.2826 -10.4217 1.1810 0.0082 0.0139 -0.0013 0.9999
455.0000 1.3446 -10.4728 1.2904 0.0091 0.0159 -0.0014 0.9998
456.0000 1.3565 -10.5206 1.3205 0.0096 0.0174 -0.0014 0.9998
457.0000 1.4012 -10.6184 1.3205 0.0091 0.0181 -0.0014 0.9998
458.0000 1.4156 -10.6953 1.2718 0.0081 0.0178 -0.0014 0.9998
459.0000 1.4206 -10.7504 1.2181 0.0070 0.0163 -0.0014 0.9998
460.0000 1.4277 -10.8297 1.1670 0.0062 0.0148 -0.0014 0.9999
461.0000 1.4436 -10.9221 1.1285 0.0060 0.0140 -0.0013 0.9999
462.0000 1.4564 -11.0107 1.1363 0.0060 0.0143 -0.0014 0.9999
463.0000 1.5050 -11.0764 1.1198 0.0062 0.0144 -0.0015 0.9999
464.0000 0.7023 -11.2437 1.1484 0.0070 0.0167 -0.0016 0.9998
465.0000 0.7341 -11.3239 1.1457 0.0078 0.0181 -0.0016 0.9998
466.0000 0.7597 -11.4007 1.1390 0.0081 0.0189 -0.0015 0.9998
467.0000 0.7697 -11.4582 1.1183 0.0078 0.0195 -0.0015 0.9998
468.0000 0.7858 -11.5433 1.0911 0.0071 0.0200 -0.0015 0.9998
469.0000 0.7918 -11.6187 1.0747 0.0067 0.0206 -0.0015 0.9998
470.0000 0.8082 -11.7094 1.0607 0.0068 0.0211 -0.0015 0.9998
471.0000 0.7929 -11.8327 1.0633 0.0061 0.0205 -0.0014 0.9998
472.0000 0.8008 -11.9219 1.0676 0.0047 0.0198 -0.0015 0.9998
473.0000 0.8321 -12.0280 1.0401 0.0054 0.0201 -0.0017 0.9998
474.0000 0.8721 -12.1047 1.0430 0.0067 0.0237 -0.0022 0.9997
475.0000 0.8897 -12.2034 1.0216 0.0076 0.0240 -0.0026 0.9997
476.0000 0.8477 -12.3305 0.9687 0.0061 0.0227 -0.0028 0.9997
477.0000 0.8357 -12.4547 0.8709 0.0051 0.0194 -0.0028 0.9998
478.0000 0.8071 -12.5734 0.8723 0.0043 0.0172 -0.0030 0.9998
479.0000 0.8429 -12.6736 0.8690 0.0042 0.0172 -0.0031 0.9998
480.0000 0.8462 -12.7762 0.8524 0.0044 0.0168 -0.0032 0.9998
481.0000 0.8525 -12.9177 0.8437 0.0042 0.0162 -0.0034 0.9999
482.0000 0.8454 -13.0538 0.8224 0.0043 0.0154 -0.0034 0.9999
483.0000 0.8349 -13.1711 0.8197 0.0036 0.0135 -0.0034 0.9999
484.0000 0.8208 -13.3204 0.8304 0.0046 0.0118 -0.0035 0.9999
485.0000 0.8383 -13.4655 0.8028 0.0046 0.0112 -0.0038 0.9999
486.0000 0.8709 -13.6126 0.7922 0.0046 0.0109 -0.0039 0.9999
487.0000 0.8673 -13.7122 0.7755 0.0046 0.0111 -0.0039 0.9999
488.0000 0.8755 -13.8352 0.7456 0.0044 0.0109 -0.0039 0.9999
489.0000 0.8986 -13.9513 0.7344 0.0051 0.0109 -0.0040 0.9999
490.0000 0.9047 -14.0720 0.7133 0.0052 0.0107 -0.0040 0.9999
491.0000 0.9380 -14.1945 0.7302 0.0049 0.0108 -0.0043 0.9999
