0.0000 130.0135 13.4181 -2.3377 -0.0194 0.0335 0.9968 -0.0693
1.0000 128.5685 11.9406 -1.7479 -0.0233 0.0312 0.9973 -0.0616
2.0000 127.7468 12.0064 -1.7400 -0.0220 0.0239 0.9973 -0.0652
3.0000 127.2509 10.2880 -1.3987 -0.0242 0.0263 0.9976 -0.0588
4.0000 124.8835 11.8213 -3.2271 -0.0145 0.0253 0.9975 -0.0651
5.0000 124.9653 15.2457 -2.7942 -0.0163 0.0222 0.9961 -0.0834
6.0000 123.8458 10.1920 -1.3626 -0.0256 0.0231 0.9978 -0.0567
7.0000 121.7597 10.1895 -1.3482 -0.0305 0.0408 0.9971 -0.0568
8.0000 120.7511 8.3899 -1.9573 -0.0242 0.0396 0.9978 -0.0470
9.0000 119.0435 10.6111 -3.2978 -0.0133 0.0287 0.9978 -0.0590
10.0000 119.1752 9.6749 -2.9877 -0.0209 0.0385 0.9976 -0.0533
11.0000 116.8465 9.2393 -2.5839 -0.0236 0.0315 0.9978 -0.0533
12.0000 117.4261 9.6267 -2.5102 -0.0216 0.0280 0.9978 -0.0556
13.0000 114.3752 15.2452 -2.0196 -0.0237 0.0252 0.9955 -0.0878
14.0000 114.1200 11.6662 -1.7930 -0.0254 0.0321 0.9969 -0.0674
15.0000 113.5815 12.4602 -2.6823 -0.0190 0.0303 0.9971 -0.0664
16.0000 112.8240 8.9289 -2.8279 -0.0219 0.0333 0.9979 -0.0513
17.0000 110.3053 11.2561 -1.6398 -0.0332 0.0479 0.9962 -0.0647
18.0000 109.7683 9.0052 -2.0731 -0.0298 0.0415 0.9975 -0.0494
19.0000 108.7557 9.4175 -3.4467 -0.0174 0.0216 0.9980 -0.0560
20.0000 108.1143 7.6769 -3.8568 -0.0127 0.0163 0.9987 -0.0459
21.0000 106.4620 12.8855 -2.7090 -0.0215 0.0242 0.9964 -0.0788
22.0000 105.5424 12.0239 -2.7191 -0.0227 0.0308 0.9964 -0.0750
23.0000 103.1289 15.7465 -2.9423 -0.0197 0.0256 0.9959 -0.0850
24.0000 102.4897 12.6206 -2.8492 -0.0196 0.0205 0.9968 -0.0741
25.0000 101.7974 13.0813 -2.9647 -0.0200 0.0224 0.9969 -0.0721
26.0000 99.3930 15.5223 -3.4146 -0.0191 0.0252 0.9957 -0.0871
27.0000 100.0301 11.5840 -3.5810 -0.0166 0.0247 0.9974 -0.0660
28.0000 98.9718 13.1733 -3.5411 -0.0150 0.0211 0.9973 -0.0694
29.0000 97.7569 11.4765 -3.2254 -0.0180 0.0248 0.9974 -0.0657
30.0000 96.2494 13.7153 -3.0521 -0.0197 0.0250 0.9963 -0.0797
31.0000 96.3906 11.0075 -3.9081 -0.0140 0.0242 0.9975 -0.0644
32.0000 94.6741 13.6263 -4.2866 -0.0116 0.0230 0.9965 -0.0797
33.0000 94.7133 11.5410 -3.8056 -0.0147 0.0227 0.9972 -0.0693
34.0000 93.8492 10.6030 -3.4808 -0.0165 0.0232 0.9978 -0.0596
35.0000 92.0301 13.0798 -3.2810 -0.0200 0.0225 0.9966 -0.0773
36.0000 88.7075 16.2891 -4.0940 -0.0155 0.0215 0.9954 -0.0920
37.0000 90.1748 11.4052 -3.9511 -0.0165 0.0249 0.9973 -0.0678
38.0000 89.2203 11.1548 -4.1551 -0.0145 0.0266 0.9971 -0.0702
39.0000 86.5572 13.5653 -4.2801 -0.0139 0.0251 0.9959 -0.0862
40.0000 85.3786 13.0510 -4.3010 -0.0138 0.0224 0.9973 -0.0685
41.0000 84.8961 13.3673 -4.5965 -0.0122 0.0233 0.9966 -0.0781
42.0000 84.9715 13.2187 -4.6442 -0.0124 0.0239 0.9960 -0.0854
43.0000 84.0822 11.0051 -4.1822 -0.0155 0.0249 0.9970 -0.0717
44.0000 82.3406 14.4119 -4.5466 -0.0126 0.0247 0.9957 -0.0886
45.0000 82.1243 12.6068 -4.6377 -0.0116 0.0235 0.9967 -0.0763
46.0000 80.8931 11.5251 -4.7022 -0.0108 0.0218 0.9971 -0.0718
47.0000 79.8781 13.8522 -4.5060 -0.0133 0.0234 0.9962 -0.0823
48.0000 80.8497 10.3352 -4.2851 -0.0155 0.0252 0.9978 -0.0585
49.0000 79.6105 13.5921 -4.3413 -0.0162 0.0242 0.9961 -0.0831
50.0000 79.1943 11.7170 -4.2527 -0.0173 0.0235 0.9968 -0.0741
51.0000 77.4295 11.4987 -4.4580 -0.0157 0.0219 0.9974 -0.0674
52.0000 77.6882 12.9968 -4.5769 -0.0150 0.0229 0.9960 -0.0852
53.0000 75.0481 10.5704 -4.9174 -0.0113 0.0240 0.9977 -0.0630
54.0000 75.6246 11.2325 -4.6496 -0.0142 0.0256 0.9972 -0.0693
55.0000 74.3152 10.8500 -4.5087 -0.0152 0.0246 0.9975 -0.0649
56.0000 74.3645 12.8148 -4.4987 -0.0158 0.0248 0.9969 -0.0727
57.0000 72.8541 11.8373 -4.6281 -0.0149 0.0246 0.9966 -0.0775
58.0000 72.4360 12.1292 -4.5202 -0.0164 0.0252 0.9967 -0.0751
59.0000 71.4221 11.0640 -4.7879 -0.0133 0.0242 0.9974 -0.0669
60.0000 71.0683 11.7625 -4.8214 -0.0131 0.0249 0.9972 -0.0696
61.0000 71.0827 11.0526 -4.8909 -0.0123 0.0249 0.9973 -0.0687
62.0000 69.3243 13.1141 -5.1027 -0.0098 0.0247 0.9981 -0.0554
63.0000 68.8964 9.6918 -4.9733 -0.0114 0.0253 0.9986 -0.0451
64.0000 67.8424 11.6708 -4.9896 -0.0117 0.0235 0.9984 -0.0511
65.0000 68.0271 10.3487 -4.9362 -0.0129 0.0236 0.9974 -0.0671
66.0000 66.7135 12.6748 -5.0751 -0.0126 0.0233 0.9975 -0.0652
67.0000 66.5116 10.3773 -5.2148 -0.0111 0.0243 0.9977 -0.0623
68.0000 65.3097 11.8783 -5.2659 -0.0098 0.0237 0.9981 -0.0557
69.0000 64.2701 10.3039 -5.1392 -0.0113 0.0238 0.9989 -0.0400
70.0000 63.7632 12.1119 -5.1850 -0.0109 0.0226 0.9984 -0.0507
71.0000 63.4220 13.8901 -5.1369 -0.0116 0.0216 0.9976 -0.0649
72.0000 62.7758 13.7759 -5.1391 -0.0121 0.0227 0.9974 -0.0679
73.0000 62.1411 12.7693 -5.1501 -0.0120 0.0230 0.9978 -0.0615
74.0000 61.5551 12.1309 -5.1739 -0.0116 0.0242 0.9980 -0.0569
75.0000 61.0379 12.2277 -5.2592 -0.0104 0.0236 0.9980 -0.0579
76.0000 60.1974 12.9001 -5.3144 -0.0100 0.0220 0.9976 -0.0643
77.0000 59.7327 12.9996 -5.2936 -0.0106 0.0219 0.9975 -0.0658
78.0000 59.4557 12.5666 -5.2840 -0.0107 0.0230 0.9976 -0.0638
79.0000 58.8064 12.3232 -5.3419 -0.0101 0.0238 0.9977 -0.0629
80.0000 58.2395 12.2448 -5.3446 -0.0104 0.0238 0.9976 -0.0642
81.0000 57.7988 12.2239 -5.3831 -0.0101 0.0218 0.9977 -0.0637
82.0000 57.3661 12.2593 -5.3495 -0.0105 0.0208 0.9977 -0.0640
83.0000 56.8405 12.1430 -5.3993 -0.0100 0.0218 0.9976 -0.0645
84.0000 56.2314 12.1953 -5.3716 -0.0107 0.0217 0.9975 -0.0658
85.0000 55.7639 12.0763 -5.3650 -0.0108 0.0209 0.9976 -0.0654
86.0000 55.4211 11.9483 -5.3006 -0.0132 0.0197 0.9977 -0.0637
87.0000 55.0137 11.8462 -5.3471 -0.0124 0.0203 0.9977 -0.0633
88.0000 54.5143 11.8406 -5.4025 -0.0104 0.0208 0.9976 -0.0647
89.0000 53.9701 11.9562 -5.4055 -0.0107 0.0179 0.9976 -0.0658
90.0000 53.5646 11.8675 -5.4484 -0.0109 0.0186 0.9977 -0.0649
91.0000 53.2694 11.6994 -5.3957 -0.0127 0.0193 0.9977 -0.0637
92.0000 52.9415 11.4829 -5.4685 -0.0111 0.0188 0.9979 -0.0616
93.0000 52.4719 11.4819 -5.4098 -0.0109 0.0177 0.9979 -0.0621
94.0000 52.0035 11.4967 -5.4047 -0.0103 0.0189 0.9977 -0.0639
95.0000 51.7500 11.5187 -5.4975 -0.0094 0.0187 0.9977 -0.0637
96.0000 51.3107 11.4426 -5.5513 -0.0093 0.0183 0.9978 -0.0626
97.0000 50.9963 11.4785 -5.5165 -0.0098 0.0179 0.9979 -0.0611
98.0000 50.7058 11.3857 -5.5077 -0.0098 0.0192 0.9980 -0.0595
99.0000 50.5388 11.2569 -5.3387 -0.0103 0.0196 0.9980 -0.0600
100.0000 50.3150 11.2745 -5.4125 -0.0077 0.0194 0.9979 -0.0613
101.0000 49.9048 11.3322 -5.5356 -0.0059 0.0189 0.9979 -0.0611
102.0000 49.5468 11.3710 -5.5411 -0.0062 0.0185 0.9980 -0.0605
103.0000 49.3451 11.4284 -5.4866 -0.0077 0.0170 0.9979 -0.0612
104.0000 49.0862 11.2946 -5.4578 -0.0082 0.0167 0.9979 -0.0618
105.0000 48.8970 11.2134 -5.4569 -0.0072 0.0170 0.9979 -0.0614
106.0000 48.7198 11.1119 -5.5251 -0.0043 0.0177 0.9980 -0.0610
107.0000 48.4803 11.1926 -5.4907 -0.0054 0.0175 0.9979 -0.0617
108.0000 48.2255 11.2710 -5.4747 -0.0076 0.0179 0.9979 -0.0621
109.0000 48.0652 11.1474 -5.4425 -0.0106 0.0181 0.9979 -0.0615
110.0000 47.9205 11.0590 -5.5284 -0.0089 0.0172 0.9980 -0.0609
111.0000 47.6510 11.1464 -5.5901 -0.0060 0.0151 0.9980 -0.0617
112.0000 47.4879 11.0557 -5.5357 -0.0069 0.0149 0.9980 -0.0618
113.0000 47.2922 10.9920 -5.5174 -0.0085 0.0167 0.9979 -0.0614
114.0000 47.1550 11.0744 -5.4584 -0.0108 0.0179 0.9979 -0.0620
115.0000 46.9369 10.9890 -5.5300 -0.0089 0.0180 0.9979 -0.0619
116.0000 46.6796 10.9365 -5.5891 -0.0077 0.0171 0.9979 -0.0622
117.0000 46.5999 10.8990 -5.5593 -0.0085 0.0159 0.9979 -0.0616
118.0000 46.5607 10.9352 -5.4528 -0.0106 0.0164 0.9979 -0.0620
119.0000 46.3788 10.9630 -5.5033 -0.0098 0.0172 0.9979 -0.0618
120.0000 46.2191 10.9686 -5.5601 -0.0106 0.0175 0.9978 -0.0625
121.0000 46.0499 10.9405 -5.5775 -0.0106 0.0178 0.9978 -0.0627
122.0000 45.8962 10.8913 -5.4718 -0.0110 0.0179 0.9978 -0.0635
123.0000 45.7709 10.8106 -5.4495 -0.0105 0.0184 0.9978 -0.0635
124.0000 45.6773 10.8094 -5.4974 -0.0096 0.0182 0.9978 -0.0638
125.0000 45.5444 10.8434 -5.5443 -0.0094 0.0182 0.9978 -0.0638
126.0000 45.3629 10.9796 -5.5878 -0.0092 0.0170 0.9978 -0.0638
127.0000 45.3231 10.9472 -5.5951 -0.0095 0.0156 0.9978 -0.0631
128.0000 45.2654 10.9226 -5.6113 -0.0096 0.0152 0.9978 -0.0636
129.0000 45.1639 10.9063 -5.5963 -0.0098 0.0161 0.9977 -0.0646
130.0000 45.0196 10.8604 -5.5823 -0.0097 0.0166 0.9977 -0.0655
131.0000 44.9949 10.9196 -5.5740 -0.0099 0.0161 0.9977 -0.0658
132.0000 44.9614 10.9686 -5.5593 -0.0093 0.0148 0.9977 -0.0652
133.0000 44.8109 10.8671 -5.5527 -0.0092 0.0147 0.9978 -0.0633
134.0000 44.6855 10.8378 -5.5681 -0.0088 0.0150 0.9978 -0.0638
135.0000 44.6665 10.7871 -5.5805 -0.0088 0.0160 0.9977 -0.0647
136.0000 44.6544 10.8779 -5.5905 -0.0087 0.0160 0.9978 -0.0642
137.0000 44.5790 10.9124 -5.5454 -0.0096 0.0157 0.9978 -0.0642
138.0000 44.4544 10.7796 -5.5811 -0.0089 0.0162 0.9978 -0.0640
139.0000 44.4322 10.7371 -5.6183 -0.0082 0.0161 0.9978 -0.0636
140.0000 44.4136 10.8082 -5.6086 -0.0082 0.0160 0.9978 -0.0645
141.0000 44.3751 10.8513 -5.5756 -0.0089 0.0159 0.9977 -0.0650
142.0000 44.3112 10.8268 -5.5915 -0.0092 0.0160 0.9978 -0.0639
143.0000 44.2831 10.8942 -5.5888 -0.0090 0.0165 0.9978 -0.0639
144.0000 44.2909 10.8509 -5.5840 -0.0082 0.0166 0.9978 -0.0641
145.0000 44.3164 10.7543 -5.5546 -0.0090 0.0160 0.9978 -0.0640
146.0000 44.2637 10.7771 -5.6439 -0.0073 0.0162 0.9978 -0.0635
147.0000 44.2277 10.8080 -5.6934 -0.0063 0.0153 0.9978 -0.0636
148.0000 44.1209 10.7906 -5.6474 -0.0072 0.0141 0.9979 -0.0635
149.0000 44.0949 10.6942 -5.6100 -0.0075 0.0153 0.9979 -0.0632
150.0000 44.1051 10.8071 -5.5974 -0.0084 0.0158 0.9978 -0.0643
151.0000 44.1443 10.8656 -5.5502 -0.0100 0.0165 0.9977 -0.0653
152.0000 44.1224 10.8263 -5.5844 -0.0093 0.0165 0.9977 -0.0653
153.0000 44.1891 10.7463 -5.6571 -0.0068 0.0153 0.9978 -0.0640
154.0000 44.2286 10.7200 -5.6698 -0.0060 0.0153 0.9979 -0.0630
155.0000 44.2463 10.7770 -5.6116 -0.0071 0.0154 0.9978 -0.0634
156.0000 44.1260 10.8179 -5.5222 -0.0094 0.0167 0.9978 -0.0640
157.0000 44.1089 10.7955 -5.6056 -0.0080 0.0171 0.9977 -0.0649
158.0000 44.1754 10.7235 -5.6465 -0.0069 0.0160 0.9978 -0.0640
159.0000 44.2217 10.7533 -5.6556 -0.0065 0.0155 0.9978 -0.0637
160.0000 44.2202 10.7946 -5.6593 -0.0066 0.0159 0.9978 -0.0639
161.0000 44.1456 10.8687 -5.6247 -0.0070 0.0158 0.9978 -0.0644
162.0000 44.1455 10.7917 -5.6301 -0.0072 0.0151 0.9978 -0.0637
163.0000 44.2354 10.7507 -5.5816 -0.0081 0.0159 0.9978 -0.0636
164.0000 44.1999 10.6498 -5.5207 -0.0097 0.0167 0.9978 -0.0635
165.0000 44.1388 10.7711 -5.5821 -0.0079 0.0165 0.9977 -0.0651
166.0000 44.1350 10.8871 -5.6385 -0.0066 0.0158 0.9977 -0.0657
167.0000 44.2478 10.8797 -5.6507 -0.0066 0.0156 0.9977 -0.0654
168.0000 44.2571 10.8104 -5.6029 -0.0073 0.0161 0.9978 -0.0639
169.0000 44.2764 10.6730 -5.5743 -0.0085 0.0166 0.9978 -0.0629
170.0000 44.2145 10.6962 -5.6394 -0.0073 0.0165 0.9978 -0.0632
171.0000 44.0986 10.7440 -5.6457 -0.0068 0.0160 0.9979 -0.0632
172.0000 44.1688 10.7764 -5.6204 -0.0070 0.0160 0.9978 -0.0634
173.0000 44.1861 10.7233 -5.5425 -0.0090 0.0164 0.9978 -0.0641
174.0000 44.2226 10.7192 -5.5343 -0.0093 0.0171 0.9977 -0.0650
175.0000 44.2395 10.8432 -5.5452 -0.0091 0.0167 0.9977 -0.0656
176.0000 44.2117 10.8139 -5.6524 -0.0067 0.0165 0.9977 -0.0649
177.0000 44.1782 10.7615 -5.6568 -0.0062 0.0163 0.9978 -0.0634
178.0000 44.1276 10.7187 -5.6232 -0.0071 0.0164 0.9978 -0.0633
179.0000 44.1339 10.7127 -5.6262 -0.0075 0.0162 0.9978 -0.0636
180.0000 44.2068 10.8204 -5.5793 -0.0088 0.0164 0.9978 -0.0636
181.0000 44.2475 10.8293 -5.5485 -0.0091 0.0169 0.9978 -0.0642
182.0000 44.1778 10.7409 -5.5643 -0.0084 0.0165 0.9978 -0.0633
183.0000 44.1958 10.7693 -5.6535 -0.0067 0.0165 0.9978 -0.0634
184.0000 44.2001 10.8073 -5.6621 -0.0067 0.0166 0.9978 -0.0642
185.0000 44.1600 10.7669 -5.6361 -0.0070 0.0163 0.9977 -0.0647
186.0000 44.1951 10.7905 -5.5705 -0.0083 0.0166 0.9978 -0.0643
187.0000 44.1522 10.8034 -5.5947 -0.0077 0.0161 0.9978 -0.0639
188.0000 44.1456 10.7337 -5.6413 -0.0068 0.0158 0.9978 -0.0634
189.0000 44.2183 10.7413 -5.6503 -0.0067 0.0163 0.9978 -0.0641
190.0000 44.2323 10.7525 -5.6516 -0.0067 0.0170 0.9977 -0.0649
191.0000 44.1993 10.7953 -5.6420 -0.0068 0.0169 0.9977 -0.0649
192.0000 44.2259 10.8304 -5.6062 -0.0074 0.0161 0.9977 -0.0651
193.0000 44.1917 10.7614 -5.6126 -0.0072 0.0160 0.9978 -0.0641
194.0000 44.1788 10.7152 -5.6233 -0.0070 0.0164 0.9978 -0.0640
195.0000 44.1852 10.8073 -5.5909 -0.0085 0.0166 0.9978 -0.0639
196.0000 44.1604 10.8641 -5.6272 -0.0077 0.0165 0.9978 -0.0645
197.0000 44.2239 10.8076 -5.6500 -0.0070 0.0162 0.9977 -0.0652
198.0000 44.3184 10.7081 -5.6280 -0.0068 0.0163 0.9978 -0.0647
199.0000 44.1841 10.6724 -5.5543 -0.0085 0.0169 0.9978 -0.0636
200.0000 43.9895 10.7515 -5.5403 -0.0094 0.0168 0.9978 -0.0632
201.0000 44.1252 10.8275 -5.5629 -0.0091 0.0164 0.9978 -0.0637
202.0000 44.2573 10.8379 -5.5786 -0.0086 0.0163 0.9977 -0.0647
203.0000 44.2421 10.7882 -5.6140 -0.0068 0.0160 0.9977 -0.0652
204.0000 44.2282 10.7154 -5.6290 -0.0068 0.0161 0.9978 -0.0644
205.0000 44.1683 10.7680 -5.6403 -0.0072 0.0160 0.9978 -0.0640
206.0000 44.1280 10.8969 -5.6008 -0.0082 0.0162 0.9978 -0.0643
207.0000 44.1789 10.8192 -5.5975 -0.0078 0.0161 0.9978 -0.0639
208.0000 44.1869 10.7993 -5.5915 -0.0078 0.0161 0.9978 -0.0645
209.0000 44.2355 10.6928 -5.5700 -0.0087 0.0163 0.9978 -0.0640
210.0000 44.2308 10.6744 -5.5601 -0.0091 0.0166 0.9978 -0.0638
211.0000 44.1336 10.8079 -5.6307 -0.0070 0.0164 0.9978 -0.0643
212.0000 44.1500 10.8429 -5.6565 -0.0063 0.0165 0.9978 -0.0642
213.0000 44.1385 10.7319 -5.6448 -0.0067 0.0166 0.9978 -0.0637
214.0000 44.2200 10.6776 -5.5632 -0.0087 0.0164 0.9978 -0.0635
215.0000 44.2222 10.7007 -5.5262 -0.0098 0.0163 0.9978 -0.0636
216.0000 44.1759 10.8312 -5.5390 -0.0095 0.0165 0.9977 -0.0647
217.0000 44.1774 10.8559 -5.6668 -0.0066 0.0162 0.9977 -0.0651
218.0000 44.2208 10.8333 -5.6871 -0.0060 0.0159 0.9978 -0.0645
219.0000 44.2293 10.7083 -5.6024 -0.0076 0.0164 0.9978 -0.0635
220.0000 44.2404 10.7761 -5.5293 -0.0094 0.0164 0.9978 -0.0642
221.0000 44.1726 10.7654 -5.5633 -0.0090 0.0165 0.9978 -0.0644
222.0000 44.1527 10.7274 -5.6368 -0.0070 0.0157 0.9978 -0.0644
223.0000 44.2465 10.7805 -5.6356 -0.0069 0.0160 0.9978 -0.0638
224.0000 44.2139 10.8002 -5.6009 -0.0081 0.0167 0.9978 -0.0641
225.0000 44.1746 10.7825 -5.6149 -0.0077 0.0168 0.9978 -0.0641
226.0000 44.1708 10.8166 -5.6489 -0.0069 0.0160 0.9978 -0.0641
227.0000 44.1489 10.8596 -5.6426 -0.0067 0.0153 0.9978 -0.0643
228.0000 44.2030 10.7843 -5.6183 -0.0070 0.0156 0.9978 -0.0637
229.0000 44.1814 10.7616 -5.5630 -0.0085 0.0159 0.9978 -0.0633
230.0000 44.1835 10.7984 -5.5534 -0.0091 0.0163 0.9978 -0.0640
231.0000 44.1936 10.7553 -5.5712 -0.0089 0.0164 0.9978 -0.0642
232.0000 44.1014 10.6963 -5.6383 -0.0069 0.0164 0.9978 -0.0636
233.0000 44.2038 10.7140 -5.6583 -0.0062 0.0158 0.9978 -0.0636
234.0000 44.2370 10.7868 -5.6445 -0.0068 0.0158 0.9978 -0.0639
235.0000 44.0878 10.8332 -5.5907 -0.0088 0.0162 0.9978 -0.0637
236.0000 44.0640 10.7534 -5.5776 -0.0091 0.0160 0.9979 -0.0626
237.0000 44.1386 10.7243 -5.6482 -0.0071 0.0158 0.9979 -0.0630
238.0000 44.2437 10.7146 -5.6743 -0.0062 0.0158 0.9978 -0.0639
239.0000 44.3226 10.8194 -5.6118 -0.0075 0.0160 0.9978 -0.0642
240.0000 44.1689 10.7996 -5.5439 -0.0095 0.0163 0.9978 -0.0635
241.0000 44.1379 10.7408 -5.6262 -0.0080 0.0159 0.9978 -0.0637
242.0000 44.2558 10.7066 -5.6663 -0.0066 0.0162 0.9978 -0.0647
243.0000 44.3139 10.7777 -5.6396 -0.0068 0.0161 0.9977 -0.0656
244.0000 44.2198 10.8275 -5.6277 -0.0071 0.0153 0.9977 -0.0650
245.0000 44.1649 10.7239 -5.6133 -0.0074 0.0155 0.9978 -0.0634
246.0000 44.0884 10.6876 -5.5856 -0.0085 0.0160 0.9978 -0.0632
247.0000 44.1672 10.7898 -5.6534 -0.0074 0.0155 0.9978 -0.0639
248.0000 44.2066 10.8298 -5.6420 -0.0069 0.0161 0.9977 -0.0651
249.0000 44.1567 10.7496 -5.6127 -0.0069 0.0158 0.9977 -0.0651
250.0000 44.1171 10.7283 -5.6333 -0.0068 0.0159 0.9978 -0.0637
251.0000 44.1226 10.8289 -5.5843 -0.0082 0.0161 0.9978 -0.0637
252.0000 44.1937 10.7870 -5.5437 -0.0093 0.0169 0.9978 -0.0638
253.0000 44.2069 10.8488 -5.5280 -0.0100 0.0162 0.9977 -0.0649
254.0000 44.1904 10.8291 -5.5738 -0.0089 0.0162 0.9977 -0.0648
255.0000 44.1111 10.7773 -5.6506 -0.0070 0.0157 0.9978 -0.0633
256.0000 44.1532 10.8120 -5.6756 -0.0063 0.0162 0.9979 -0.0630
257.0000 44.1277 10.7811 -5.6525 -0.0068 0.0158 0.9978 -0.0634
258.0000 44.1438 10.7935 -5.6401 -0.0072 0.0155 0.9978 -0.0639
259.0000 44.1613 10.7938 -5.5619 -0.0092 0.0161 0.9977 -0.0644
260.0000 44.2402 10.7869 -5.5273 -0.0097 0.0167 0.9977 -0.0645
261.0000 44.2490 10.6487 -5.6223 -0.0069 0.0171 0.9978 -0.0634
262.0000 44.0933 10.6587 -5.6650 -0.0062 0.0158 0.9978 -0.0634
263.0000 44.0280 10.7294 -5.6563 -0.0074 0.0152 0.9978 -0.0643
264.0000 44.0204 10.8373 -5.6016 -0.0086 0.0156 0.9978 -0.0640
265.0000 44.1855 10.7427 -5.5406 -0.0094 0.0173 0.9978 -0.0635
266.0000 44.2540 10.6950 -5.5236 -0.0095 0.0168 0.9978 -0.0634
267.0000 44.2137 10.7269 -5.6259 -0.0070 0.0155 0.9978 -0.0642
268.0000 44.1091 10.8839 -5.6898 -0.0062 0.0150 0.9978 -0.0648
269.0000 44.0968 10.9509 -5.6710 -0.0068 0.0158 0.9978 -0.0645
270.0000 44.1518 10.8436 -5.5819 -0.0091 0.0169 0.9978 -0.0642
271.0000 44.2035 10.7441 -5.5195 -0.0100 0.0167 0.9978 -0.0638
272.0000 44.2223 10.7638 -5.5305 -0.0093 0.0165 0.9978 -0.0638
273.0000 44.2028 10.8304 -5.6373 -0.0069 0.0155 0.9978 -0.0642
274.0000 44.2308 10.8217 -5.6825 -0.0060 0.0157 0.9978 -0.0640
275.0000 44.1870 10.8088 -5.6641 -0.0064 0.0165 0.9977 -0.0649
276.0000 44.1531 10.7717 -5.5478 -0.0092 0.0172 0.9976 -0.0657
277.0000 44.1323 10.7715 -5.5857 -0.0084 0.0164 0.9978 -0.0641
278.0000 44.1882 10.7674 -5.6225 -0.0069 0.0154 0.9979 -0.0632
279.0000 44.1875 10.7674 -5.6334 -0.0066 0.0156 0.9978 -0.0635
280.0000 44.1819 10.8443 -5.6267 -0.0080 0.0160 0.9978 -0.0645
281.0000 44.1925 10.7745 -5.5929 -0.0089 0.0165 0.9977 -0.0645
282.0000 44.2144 10.7864 -5.5563 -0.0094 0.0165 0.9978 -0.0641
283.0000 44.2175 10.7513 -5.5762 -0.0087 0.0164 0.9978 -0.0636
284.0000 44.1411 10.7626 -5.6537 -0.0068 0.0161 0.9978 -0.0640
285.0000 44.1576 10.7192 -5.6578 -0.0064 0.0165 0.9978 -0.0640
286.0000 44.1244 10.7948 -5.6319 -0.0069 0.0163 0.9978 -0.0646
287.0000 44.1408 10.8084 -5.6347 -0.0073 0.0163 0.9978 -0.0639
288.0000 44.1800 10.7976 -5.5788 -0.0086 0.0160 0.9978 -0.0636
289.0000 44.2177 10.8382 -5.6139 -0.0076 0.0158 0.9978 -0.0644
290.0000 44.2467 10.7996 -5.6529 -0.0071 0.0160 0.9977 -0.0648
291.0000 44.2118 10.7317 -5.5906 -0.0084 0.0167 0.9978 -0.0640
292.0000 44.1409 10.7673 -5.5147 -0.0096 0.0165 0.9978 -0.0632
293.0000 44.1763 10.8129 -5.5770 -0.0077 0.0158 0.9978 -0.0632
294.0000 44.1872 10.8787 -5.6335 -0.0071 0.0157 0.9977 -0.0650
295.0000 44.1923 10.7077 -5.6531 -0.0068 0.0159 0.9977 -0.0649
296.0000 44.2419 10.6745 -5.5740 -0.0088 0.0167 0.9978 -0.0636
297.0000 44.2000 10.7778 -5.5117 -0.0097 0.0164 0.9978 -0.0632
298.0000 44.2386 10.8231 -5.5427 -0.0092 0.0165 0.9978 -0.0640
299.0000 44.2409 10.8068 -5.6473 -0.0069 0.0169 0.9977 -0.0647
300.0000 44.1746 10.7753 -5.6788 -0.0064 0.0165 0.9977 -0.0651
301.0000 44.1334 10.7502 -5.6586 -0.0070 0.0154 0.9978 -0.0639
302.0000 44.1623 10.7524 -5.5853 -0.0088 0.0160 0.9979 -0.0628
303.0000 44.2229 10.7743 -5.5473 -0.0092 0.0171 0.9978 -0.0633
304.0000 44.2196 10.6935 -5.5424 -0.0091 0.0175 0.9978 -0.0639
305.0000 44.1761 10.7623 -5.5617 -0.0089 0.0174 0.9977 -0.0653
306.0000 44.1442 10.8377 -5.5995 -0.0084 0.0165 0.9977 -0.0655
307.0000 44.1319 10.8271 -5.6418 -0.0076 0.0157 0.9978 -0.0641
308.0000 44.1414 10.7341 -5.6469 -0.0068 0.0158 0.9978 -0.0636
309.0000 44.1767 10.7025 -5.5996 -0.0075 0.0164 0.9978 -0.0641
310.0000 44.1694 10.7708 -5.5332 -0.0093 0.0174 0.9977 -0.0656
311.0000 44.0968 10.7376 -5.5611 -0.0088 0.0173 0.9977 -0.0648
312.0000 44.1795 10.6508 -5.6660 -0.0068 0.0164 0.9979 -0.0630
313.0000 44.2102 10.7601 -5.6632 -0.0064 0.0153 0.9979 -0.0632
314.0000 44.2198 10.8748 -5.6216 -0.0073 0.0158 0.9978 -0.0645
315.0000 44.1374 10.9001 -5.6134 -0.0074 0.0168 0.9977 -0.0655
316.0000 44.0719 10.7699 -5.5555 -0.0091 0.0177 0.9977 -0.0649
317.0000 44.0898 10.6955 -5.5617 -0.0092 0.0167 0.9977 -0.0646
318.0000 44.1945 10.7260 -5.6365 -0.0070 0.0159 0.9978 -0.0637
319.0000 44.2802 10.7426 -5.6593 -0.0063 0.0160 0.9978 -0.0639
320.0000 44.2040 10.8518 -5.5632 -0.0090 0.0168 0.9978 -0.0641
321.0000 44.1533 10.8229 -5.5982 -0.0082 0.0168 0.9977 -0.0649
322.0000 44.1637 10.8165 -5.6737 -0.0066 0.0161 0.9978 -0.0646
323.0000 44.1672 10.8429 -5.6710 -0.0064 0.0160 0.9978 -0.0641
324.0000 44.1776 10.6662 -5.6499 -0.0068 0.0162 0.9978 -0.0637
325.0000 44.2507 10.6981 -5.5768 -0.0088 0.0168 0.9977 -0.0644
326.0000 44.2049 10.8180 -5.5959 -0.0083 0.0165 0.9977 -0.0647
327.0000 44.1403 10.8809 -5.6361 -0.0072 0.0160 0.9977 -0.0648
328.0000 44.1684 10.8373 -5.6456 -0.0069 0.0160 0.9978 -0.0642
329.0000 44.2075 10.7375 -5.6344 -0.0070 0.0159 0.9978 -0.0639
330.0000 44.2502 10.6885 -5.5748 -0.0088 0.0165 0.9977 -0.0644
331.0000 44.2362 10.7473 -5.6102 -0.0081 0.0170 0.9977 -0.0651
332.0000 44.1240 10.8409 -5.6445 -0.0066 0.0164 0.9977 -0.0650
333.0000 44.1554 10.8952 -5.6762 -0.0063 0.0158 0.9978 -0.0643
334.0000 44.2397 10.8154 -5.5807 -0.0087 0.0159 0.9978 -0.0644
335.0000 44.2852 10.6920 -5.6015 -0.0081 0.0167 0.9977 -0.0648
336.0000 44.2139 10.7807 -5.6418 -0.0069 0.0165 0.9978 -0.0645
337.0000 44.1644 10.8598 -5.6229 -0.0073 0.0157 0.9978 -0.0640
338.0000 44.1868 10.8376 -5.5370 -0.0097 0.0162 0.9978 -0.0637
339.0000 44.2037 10.7297 -5.6097 -0.0082 0.0163 0.9978 -0.0638
340.0000 44.2309 10.7327 -5.6679 -0.0063 0.0168 0.9977 -0.0648
341.0000 44.2254 10.7909 -5.6641 -0.0061 0.0163 0.9977 -0.0656
342.0000 44.2030 10.7782 -5.6540 -0.0068 0.0160 0.9977 -0.0657
343.0000 44.1670 10.7986 -5.6352 -0.0073 0.0161 0.9978 -0.0643
344.0000 44.1484 10.8111 -5.6226 -0.0075 0.0161 0.9977 -0.0649
345.0000 44.1595 10.8209 -5.5657 -0.0091 0.0162 0.9977 -0.0645
346.0000 44.1820 10.8114 -5.6345 -0.0076 0.0159 0.9978 -0.0644
347.0000 44.1899 10.7664 -5.6688 -0.0064 0.0161 0.9978 -0.0644
348.0000 44.1934 10.8386 -5.5685 -0.0087 0.0163 0.9977 -0.0651
349.0000 44.1476 10.8395 -5.6192 -0.0079 0.0164 0.9978 -0.0643
350.0000 44.1815 10.7916 -5.6682 -0.0068 0.0168 0.9978 -0.0636
351.0000 44.1415 10.7752 -5.6638 -0.0065 0.0162 0.9978 -0.0643
352.0000 44.2131 10.7180 -5.6316 -0.0069 0.0158 0.9978 -0.0644
353.0000 44.1962 10.8124 -5.5821 -0.0084 0.0165 0.9978 -0.0641
354.0000 44.1332 10.8047 -5.6250 -0.0073 0.0161 0.9978 -0.0639
355.0000 44.2245 10.7563 -5.6615 -0.0070 0.0160 0.9977 -0.0649
356.0000 44.2347 10.7838 -5.6598 -0.0069 0.0167 0.9977 -0.0652
357.0000 44.1487 10.8445 -5.5690 -0.0086 0.0167 0.9978 -0.0638
358.0000 44.1566 10.8002 -5.5979 -0.0081 0.0163 0.9979 -0.0629
359.0000 44.1630 10.7394 -5.6475 -0.0069 0.0161 0.9978 -0.0647
360.0000 44.1496 10.8066 -5.6430 -0.0067 0.0159 0.9977 -0.0659
361.0000 44.2337 10.8603 -5.5758 -0.0086 0.0166 0.9977 -0.0658
362.0000 44.2264 10.7179 -5.5956 -0.0081 0.0164 0.9978 -0.0635
363.0000 44.2012 10.7696 -5.6270 -0.0073 0.0161 0.9978 -0.0636
364.0000 44.2202 10.8117 -5.6234 -0.0075 0.0166 0.9977 -0.0652
365.0000 44.1406 10.8564 -5.5409 -0.0095 0.0168 0.9976 -0.0658
366.0000 44.2410 10.7786 -5.5457 -0.0093 0.0168 0.9977 -0.0648
367.0000 44.2429 10.7893 -5.5812 -0.0084 0.0158 0.9978 -0.0636
368.0000 44.1503 10.8217 -5.6604 -0.0068 0.0157 0.9979 -0.0630
369.0000 44.1590 10.8967 -5.6682 -0.0067 0.0164 0.9978 -0.0641
370.0000 44.1758 10.8730 -5.6057 -0.0084 0.0168 0.9977 -0.0646
371.0000 44.1912 10.7686 -5.6098 -0.0078 0.0165 0.9977 -0.0650
372.0000 44.1894 10.7864 -5.6410 -0.0067 0.0164 0.9977 -0.0654
373.0000 44.1981 10.8021 -5.6365 -0.0067 0.0158 0.9978 -0.0644
374.0000 44.1667 10.8913 -5.5879 -0.0085 0.0159 0.9978 -0.0639
375.0000 44.1014 10.8369 -5.6495 -0.0078 0.0159 0.9978 -0.0646
376.0000 44.1035 10.8182 -5.6766 -0.0067 0.0162 0.9978 -0.0643
377.0000 44.1734 10.7453 -5.6708 -0.0065 0.0163 0.9978 -0.0644
378.0000 44.2235 10.7191 -5.6297 -0.0071 0.0153 0.9978 -0.0639
379.0000 44.2407 10.8610 -5.5542 -0.0091 0.0157 0.9978 -0.0641
380.0000 44.2244 10.7875 -5.5956 -0.0081 0.0162 0.9978 -0.0636
381.0000 44.1751 10.6590 -5.6706 -0.0067 0.0157 0.9978 -0.0633
382.0000 44.1643 10.7478 -5.6509 -0.0070 0.0156 0.9978 -0.0645
383.0000 44.1301 10.7954 -5.6404 -0.0071 0.0154 0.9978 -0.0644
384.0000 44.1611 10.8397 -5.6701 -0.0072 0.0163 0.9978 -0.0644
385.0000 44.1829 10.8377 -5.6748 -0.0070 0.0158 0.9978 -0.0640
386.0000 44.1469 10.7596 -5.6520 -0.0070 0.0149 0.9979 -0.0634
387.0000 44.1767 10.7962 -5.6136 -0.0081 0.0146 0.9978 -0.0639
388.0000 44.1698 10.7910 -5.5439 -0.0092 0.0164 0.9977 -0.0648
389.0000 44.1201 10.7924 -5.6575 -0.0070 0.0168 0.9978 -0.0642
390.0000 44.1805 10.8373 -5.6678 -0.0064 0.0165 0.9978 -0.0637
391.0000 44.2297 10.8587 -5.6658 -0.0066 0.0157 0.9978 -0.0637
392.0000 44.2877 10.7620 -5.5979 -0.0081 0.0159 0.9977 -0.0646
393.0000 44.2202 10.8083 -5.6172 -0.0076 0.0164 0.9977 -0.0646
394.0000 44.1607 10.7789 -5.6384 -0.0069 0.0165 0.9978 -0.0641
395.0000 44.2057 10.7712 -5.6509 -0.0069 0.0160 0.9978 -0.0641
396.0000 44.1762 10.8604 -5.6432 -0.0071 0.0162 0.9978 -0.0638
397.0000 44.1506 10.8373 -5.6195 -0.0073 0.0162 0.9978 -0.0644
398.0000 44.1918 10.7232 -5.6261 -0.0071 0.0163 0.9978 -0.0641
399.0000 44.2458 10.7377 -5.5876 -0.0084 0.0166 0.9977 -0.0646
400.0000 44.1860 10.8313 -5.6356 -0.0077 0.0164 0.9978 -0.0644
401.0000 44.0995 10.8205 -5.6423 -0.0065 0.0167 0.9978 -0.0638
402.0000 44.0915 10.7806 -5.6031 -0.0054 0.0171 0.9978 -0.0635
403.0000 44.2055 10.6709 -5.5429 -0.0055 0.0168 0.9978 -0.0636
404.0000 44.1491 10.7805 -5.5325 -0.0062 0.0169 0.9978 -0.0641
405.0000 44.0265 10.7562 -5.5899 -0.0050 0.0171 0.9978 -0.0635
406.0000 43.8178 10.7149 -5.6374 -0.0028 0.0171 0.9978 -0.0633
407.0000 43.8082 10.6229 -5.5813 -0.0027 0.0168 0.9979 -0.0632
408.0000 43.8003 10.6660 -5.5474 -0.0032 0.0168 0.9978 -0.0638
409.0000 43.6353 10.8004 -5.5704 -0.0032 0.0167 0.9978 -0.0641
410.0000 43.3595 10.7818 -5.6018 -0.0026 0.0175 0.9978 -0.0643
411.0000 43.2063 10.6865 -5.6140 -0.0025 0.0182 0.9978 -0.0643
412.0000 42.9138 10.5951 -5.6239 -0.0020 0.0180 0.9978 -0.0643
413.0000 42.7327 10.5347 -5.6551 -0.0014 0.0178 0.9978 -0.0640
414.0000 42.5372 10.5236 -5.6513 -0.0015 0.0181 0.9977 -0.0649
415.0000 42.2752 10.4992 -5.6215 -0.0024 0.0184 0.9977 -0.0656
416.0000 41.8717 10.5305 -5.6535 -0.0017 0.0179 0.9977 -0.0653
417.0000 41.5296 10.5414 -5.6371 -0.0014 0.0176 0.9978 -0.0646
418.0000 41.1997 10.4385 -5.6441 -0.0011 0.0176 0.9978 -0.0643
419.0000 40.9044 10.2759 -5.6504 -0.0011 0.0182 0.9977 -0.0647
420.0000 40.5958 10.2984 -5.6315 -0.0012 0.0182 0.9977 -0.0653
421.0000 40.1239 10.2484 -5.6676 -0.0008 0.0178 0.9977 -0.0654
422.0000 39.5799 10.2204 -5.6942 -0.0022 0.0175 0.9978 -0.0635
423.0000 39.1465 10.0592 -5.7068 -0.0047 0.0180 0.9979 -0.0627
424.0000 38.7519 9.9778 -5.7193 -0.0055 0.0183 0.9978 -0.0631
425.0000 38.4684 10.0213 -5.7116 -0.0054 0.0183 0.9978 -0.0642
426.0000 37.8245 10.0460 -5.7504 -0.0039 0.0190 0.9978 -0.0630
427.0000 37.2158 9.8103 -5.7770 -0.0029 0.0199 0.9979 -0.0610
428.0000 36.7924 9.6672 -5.7942 -0.0017 0.0207 0.9980 -0.0604
429.0000 36.2046 9.7341 -5.7991 -0.0003 0.0199 0.9979 -0.0620
430.0000 35.6413 9.8065 -5.7973 -0.0004 0.0185 0.9979 -0.0619
431.0000 35.0673 9.6393 -5.8494 -0.0004 0.0179 0.9980 -0.0609
432.0000 34.5424 9.5805 -5.8254 -0.0014 0.0187 0.9980 -0.0608
433.0000 33.9400 9.5338 -5.8087 -0.0017 0.0203 0.9980 -0.0603
434.0000 33.1906 9.4000 -5.8176 -0.0028 0.0207 0.9980 -0.0596
435.0000 32.5549 9.3795 -5.8420 -0.0042 0.0193 0.9981 -0.0585
436.0000 31.9889 9.3761 -5.8535 -0.0042 0.0171 0.9981 -0.0586
437.0000 31.4851 9.2726 -5.8779 -0.0043 0.0172 0.9982 -0.0577
438.0000 30.8645 9.1315 -5.8716 -0.0048 0.0180 0.9982 -0.0578
439.0000 30.2379 9.1276 -5.8651 -0.0050 0.0177 0.9981 -0.0591
440.0000 29.6806 9.0826 -5.8763 -0.0051 0.0173 0.9981 -0.0587
441.0000 28.9956 8.9462 -5.9077 -0.0043 0.0178 0.9981 -0.0582
442.0000 28.2888 8.8883 -5.9306 -0.0054 0.0177 0.9981 -0.0583
443.0000 27.6517 8.9052 -5.9137 -0.0058 0.0172 0.9982 -0.0574
444.0000 27.1125 8.7633 -5.8918 -0.0065 0.0183 0.9982 -0.0563
445.0000 26.5576 8.6598 -5.9532 -0.0082 0.0188 0.9981 -0.0578
446.0000 25.9738 8.5734 -5.9962 -0.0065 0.0179 0.9981 -0.0588
447.0000 25.2366 8.5941 -6.0033 -0.0043 0.0156 0.9981 -0.0591
448.0000 24.6617 8.5193 -5.9675 -0.0036 0.0160 0.9982 -0.0581
449.0000 24.1318 8.3486 -5.9665 -0.0027 0.0178 0.9982 -0.0571
450.0000 23.4946 8.2445 -6.0404 -0.0039 0.0184 0.9982 -0.0562
451.0000 22.6964 8.2169 -6.0768 -0.0051 0.0163 0.9982 -0.0571
452.0000 22.0869 8.1849 -6.0756 -0.0062 0.0147 0.9982 -0.0586
453.0000 21.3313 8.0624 -6.0411 -0.0060 0.0152 0.9982 -0.0579
454.0000 20.5195 7.9581 -6.0695 -0.0045 0.0178 0.9982 -0.0575
455.0000 19.7988 7.9288 -6.0690 -0.0018 0.0197 0.9981 -0.0581
456.0000 19.1456 7.9407 -6.0765 0.0008 0.0188 0.9981 -0.0588
457.0000 18.5072 7.9463 -6.1001 0.0007 0.0173 0.9981 -0.0586
458.0000 17.6687 7.7469 -6.1256 -0.0018 0.0178 0.9982 -0.0569
459.0000 16.8058 7.7202 -6.1463 -0.0047 0.0184 0.9982 -0.0576
460.0000 16.0476 7.6598 -6.1675 -0.0060 0.0190 0.9981 -0.0583
461.0000 15.3434 7.5560 -6.1854 -0.0063 0.0179 0.9982 -0.0576
462.0000 14.6087 7.4245 -6.1966 -0.0063 0.0171 0.9982 -0.0569
463.0000 13.7199 7.2554 -6.2137 -0.0054 0.0174 0.9982 -0.0573
464.0000 11.9887 7.2118 -6.2731 -0.0035 0.0198 0.9981 -0.0578
465.0000 10.7236 7.0578 -6.2738 -0.0011 0.0219 0.9981 -0.0579
466.0000 10.0763 6.9687 -6.2763 0.0007 0.0220 0.9981 -0.0583
467.0000 9.5051 6.8604 -6.3136 -0.0008 0.0225 0.9981 -0.0577
468.0000 8.5597 6.6951 -6.3489 -0.0026 0.0235 0.9980 -0.0583
469.0000 7.4883 6.6654 -6.3775 -0.0025 0.0242 0.9981 -0.0575
470.0000 6.4947 6.6264 -6.4347 -0.0017 0.0242 0.9981 -0.0568
471.0000 5.6228 6.5887 -6.4936 -0.0031 0.0236 0.9981 -0.0566
472.0000 4.5570 6.4169 -6.4794 -0.0048 0.0229 0.9981 -0.0575
473.0000 3.6078 6.3027 -6.4606 -0.0036 0.0218 0.9981 -0.0580
474.0000 4.3964 7.9672 -6.4267 0.0024 0.0232 0.9962 -0.0841
475.0000 2.4331 6.9260 -6.4766 0.0050 0.0239 0.9973 -0.0691
476.0000 1.7703 7.6367 -6.5699 -0.0010 0.0252 0.9965 -0.0802
477.0000 1.1649 8.8569 -6.6666 -0.0099 0.0234 0.9972 -0.0699
478.0000 -1.4109 6.4206 -6.6218 -0.0108 0.0223 0.9984 -0.0507
479.0000 -0.7023 8.6152 -6.5127 -0.0057 0.0216 0.9974 -0.0689
480.0000 -3.0084 6.7687 -6.5299 -0.0025 0.0223 0.9977 -0.0646
481.0000 -3.5305 9.1630 -6.6027 -0.0036 0.0215 0.9978 -0.0630
482.0000 -5.7624 6.4983 -6.7918 -0.0091 0.0203 0.9982 -0.0549
483.0000 -5.8838 6.1955 -6.8123 -0.0118 0.0203 0.9956 -0.0909
484.0000 -7.9701 4.9941 -6.7220 -0.0104 0.0205 0.9970 -0.0738
485.0000 -8.2662 8.5791 -6.6185 -0.0070 0.0194 0.9974 -0.0696
486.0000 -10.2808 6.5103 -6.7147 -0.0075 0.0202 0.9983 -0.0547
487.0000 -9.9517 8.4989 -6.9140 -0.0106 0.0179 0.9974 -0.0688
488.0000 -11.3831 8.4084 -6.9552 -0.0115 0.0149 0.9973 -0.0716
489.0000 -13.0021 8.3386 -6.9940 -0.0119 0.0157 0.9973 -0.0713
490.0000 -14.3259 7.5962 -7.0028 -0.0113 0.0169 0.9968 -0.0768
491.0000 -16.1968 6.1636 -7.0622 -0.0111 0.0187 0.9971 -0.0735
