0.0000 -0.0587 2.1760 -4.4144 0.0228 0.0109 -0.0033 0.9997
1.0000 0.0292 2.3241 -4.5159 0.0248 0.0090 -0.0035 0.9996
2.0000 -0.5163 2.1917 -5.3701 0.0144 -0.0025 0.0066 0.9999
3.0000 -1.1408 1.4537 -5.3788 0.0166 -0.0025 0.0202 0.9997
4.0000 -1.9435 -0.0005 -5.1613 0.0147 0.0007 0.0441 0.9989
5.0000 -1.6217 -1.7320 -5.3151 0.0135 -0.0011 0.0723 0.9973
6.0000 -1.1929 -4.0826 -5.4581 0.0138 -0.0026 0.0996 0.9949
7.0000 -0.3554 -5.9440 -5.5827 0.0140 -0.0045 0.1112 0.9937
8.0000 1.1441 -8.3834 -5.7209 0.0119 -0.0066 0.1237 0.9922
9.0000 2.7696 -11.0294 -5.2981 0.0143 0.0005 0.1354 0.9907
10.0000 4.3768 -12.5483 -5.1946 0.0156 0.0037 0.1366 0.9905
11.0000 6.1392 -12.3311 -5.5607 0.0143 -0.0028 0.1182 0.9929
12.0000 8.0700 -12.2794 -5.6893 0.0114 -0.0055 0.1102 0.9938
13.0000 9.8317 -12.6711 -5.4704 0.0144 -0.0018 0.1123 0.9936
14.0000 11.7393 -13.2056 -5.4799 0.0133 -0.0028 0.1165 0.9931
15.0000 13.5336 -13.4220 -5.5231 0.0101 -0.0047 0.1192 0.9928
16.0000 14.7522 -13.5968 -5.6496 0.0085 -0.0086 0.1213 0.9925
17.0000 15.2265 -13.9211 -5.6881 0.0063 -0.0086 0.1183 0.9929
18.0000 15.8065 -14.2218 -5.8064 0.0038 -0.0108 0.1135 0.9935
19.0000 15.9944 -14.1086 -5.8518 0.0040 -0.0109 0.1038 0.9945
20.0000 16.3487 -13.8230 -5.8150 0.0038 -0.0110 0.0933 0.9956
21.0000 16.4531 -13.5573 -5.7840 0.0047 -0.0113 0.0790 0.9968
22.0000 17.1894 -13.1235 -5.7657 0.0039 -0.0114 0.0618 0.9980
23.0000 17.5349 -12.8422 -5.9614 0.0030 -0.0176 0.0400 0.9990
24.0000 17.8909 -12.2152 -6.0199 0.0018 -0.0193 0.0260 0.9995
25.0000 18.5098 -11.4081 -5.8155 0.0030 -0.0142 -0.0018 0.9999
26.0000 19.1214 -10.7827 -5.6598 0.0073 -0.0104 -0.0247 0.9996
27.0000 20.5063 -9.8306 -5.6819 0.0084 -0.0131 -0.0391 0.9991
28.0000 20.6849 -8.0656 -5.6256 0.0094 -0.0110 -0.0418 0.9990
29.0000 20.5983 -7.6422 -5.7959 0.0083 -0.0146 -0.0373 0.9992
30.0000 20.5406 -7.5122 -5.7649 0.0065 -0.0121 -0.0215 0.9997
31.0000 21.0106 -7.6761 -5.7892 0.0074 -0.0136 0.0047 0.9999
32.0000 21.8630 -7.7894 -5.7579 0.0066 -0.0147 0.0268 0.9995
33.0000 22.8266 -7.5971 -5.7049 0.0075 -0.0125 0.0547 0.9984
34.0000 24.0035 -7.8349 -5.6801 0.0065 -0.0137 0.0862 0.9962
35.0000 25.2375 -7.1540 -5.6610 0.0049 -0.0104 0.1124 0.9936
36.0000 25.6675 -6.4790 -5.6264 0.0062 -0.0097 0.1213 0.9925
37.0000 25.7465 -6.2402 -5.6319 0.0066 -0.0092 0.1206 0.9926
38.0000 25.7226 -6.5909 -5.6092 0.0057 -0.0099 0.1210 0.9926
39.0000 25.7724 -7.0489 -5.6587 0.0066 -0.0104 0.1231 0.9923
40.0000 25.8066 -7.2593 -5.5454 0.0092 -0.0054 0.1338 0.9910
41.0000 25.8068 -7.4771 -5.5119 0.0117 -0.0027 0.1425 0.9897
42.0000 25.9310 -7.0485 -5.5315 0.0112 -0.0038 0.1385 0.9903
43.0000 25.7811 -6.6913 -5.5600 0.0140 -0.0039 0.1295 0.9915
44.0000 26.1236 -6.2645 -5.7534 0.0107 -0.0121 0.1221 0.9924
45.0000 26.3359 -5.9435 -5.7582 0.0110 -0.0118 0.1162 0.9931
46.0000 26.3764 -5.5181 -5.7182 0.0084 -0.0099 0.1099 0.9939
47.0000 26.6588 -5.2007 -5.6755 0.0102 -0.0084 0.1061 0.9943
48.0000 27.0981 -4.9567 -5.7036 0.0098 -0.0117 0.1057 0.9943
49.0000 27.8144 -4.8590 -5.7806 0.0089 -0.0141 0.0986 0.9950
50.0000 28.7044 -5.3800 -5.7487 0.0102 -0.0130 0.0924 0.9956
51.0000 29.5870 -5.8208 -5.7288 0.0095 -0.0148 0.0872 0.9960
52.0000 29.9142 -6.0655 -5.7224 0.0095 -0.0148 0.0793 0.9967
53.0000 29.5841 -6.0349 -5.7612 0.0075 -0.0161 0.0689 0.9975
54.0000 29.3309 -6.0695 -5.7676 0.0066 -0.0153 0.0611 0.9980
55.0000 29.8754 -6.4186 -5.7569 0.0051 -0.0161 0.0525 0.9985
56.0000 30.5425 -7.2923 -5.7323 0.0075 -0.0177 0.0353 0.9992
57.0000 31.1505 -7.9855 -5.7018 0.0074 -0.0160 0.0162 0.9997
58.0000 31.0972 -7.8480 -5.6708 0.0101 -0.0156 -0.0017 0.9998
59.0000 31.2634 -7.6640 -5.8155 0.0065 -0.0207 -0.0024 0.9998
60.0000 31.3923 -7.8390 -5.7103 0.0090 -0.0175 -0.0001 0.9998
61.0000 31.5849 -8.0239 -5.7503 0.0086 -0.0196 0.0006 0.9998
62.0000 31.5058 -7.9056 -5.8008 0.0089 -0.0210 0.0028 0.9997
63.0000 30.8888 -7.9171 -5.7780 0.0094 -0.0206 0.0026 0.9997
64.0000 30.3526 -8.3272 -5.8052 0.0073 -0.0216 0.0062 0.9997
65.0000 29.9717 -8.2393 -5.9494 0.0080 -0.0237 0.0059 0.9997
66.0000 29.5006 -8.2260 -5.9054 0.0071 -0.0238 0.0042 0.9997
67.0000 28.9564 -8.0342 -5.8635 0.0058 -0.0219 0.0043 0.9997
68.0000 28.3077 -7.9210 -5.8670 0.0080 -0.0224 0.0067 0.9997
69.0000 27.6100 -7.8379 -5.9485 0.0093 -0.0229 0.0072 0.9997
70.0000 26.2920 -8.1512 -5.6866 0.0153 -0.0100 0.0051 0.9998
71.0000 24.9867 -8.2604 -5.6834 0.0162 -0.0094 -0.0041 0.9998
72.0000 23.7789 -8.2105 -5.7531 0.0139 -0.0138 -0.0186 0.9996
73.0000 22.6424 -8.4721 -5.7561 0.0121 -0.0142 -0.0429 0.9989
74.0000 21.2103 -7.9501 -5.7639 0.0104 -0.0130 -0.0778 0.9968
75.0000 19.8898 -7.3021 -5.8660 0.0136 -0.0158 -0.1124 0.9934
76.0000 18.6624 -6.4497 -5.8434 0.0131 -0.0153 -0.1452 0.9892
77.0000 17.8437 -5.5186 -5.8263 0.0122 -0.0136 -0.1801 0.9835
78.0000 17.1034 -4.6574 -5.7054 0.0148 -0.0109 -0.2122 0.9771
79.0000 16.0847 -4.3348 -5.8466 0.0168 -0.0154 -0.2343 0.9719
80.0000 15.1539 -4.0382 -5.7843 0.0136 -0.0121 -0.2565 0.9664
81.0000 13.9050 -3.7963 -5.7130 0.0137 -0.0103 -0.2775 0.9606
82.0000 12.5658 -3.6993 -5.8284 0.0126 -0.0125 -0.2939 0.9557
83.0000 11.7905 -3.9652 -5.7113 0.0106 -0.0096 -0.3020 0.9532
84.0000 11.8430 -4.8361 -5.7842 0.0115 -0.0109 -0.2931 0.9560
85.0000 11.8240 -5.8504 -5.6654 0.0107 -0.0069 -0.2781 0.9605
86.0000 11.8554 -6.9606 -5.6702 0.0111 -0.0075 -0.2645 0.9643
87.0000 12.2223 -7.3433 -5.5635 0.0114 -0.0055 -0.2556 0.9667
88.0000 12.7227 -7.5457 -5.6075 0.0109 -0.0069 -0.2508 0.9680
89.0000 13.4348 -7.9990 -5.5981 0.0109 -0.0066 -0.2486 0.9685
90.0000 14.1875 -8.3246 -5.5670 0.0108 -0.0056 -0.2454 0.9693
91.0000 14.8977 -8.5756 -5.7353 0.0094 -0.0106 -0.2425 0.9700
92.0000 16.1768 -8.6577 -5.6626 0.0089 -0.0091 -0.2484 0.9686
93.0000 17.3386 -8.2710 -5.6932 0.0086 -0.0097 -0.2607 0.9653
94.0000 18.1761 -7.8600 -5.7625 0.0092 -0.0129 -0.2736 0.9617
95.0000 18.3519 -7.5310 -5.6248 0.0102 -0.0088 -0.2802 0.9599
96.0000 18.6425 -7.6488 -5.6742 0.0094 -0.0110 -0.2843 0.9586
97.0000 19.1269 -7.6353 -5.6905 0.0097 -0.0120 -0.2843 0.9586
98.0000 19.4233 -7.8826 -5.6395 0.0096 -0.0114 -0.2792 0.9601
99.0000 19.6266 -8.1041 -5.6703 0.0096 -0.0153 -0.2744 0.9615
100.0000 19.8517 -8.4927 -5.6406 0.0096 -0.0153 -0.2698 0.9628
101.0000 20.1093 -8.7289 -5.5272 0.0105 -0.0127 -0.2619 0.9649
102.0000 20.3502 -8.3564 -5.5108 0.0099 -0.0120 -0.2593 0.9657
103.0000 20.2094 -7.8364 -5.7156 0.0079 -0.0176 -0.2486 0.9684
104.0000 20.4638 -7.5523 -5.5891 0.0085 -0.0145 -0.2386 0.9710
105.0000 20.7673 -7.1283 -5.5147 0.0082 -0.0095 -0.2347 0.9720
106.0000 21.1813 -7.2827 -5.5466 0.0082 -0.0126 -0.2323 0.9725
107.0000 21.5717 -7.2824 -5.5682 0.0081 -0.0128 -0.2368 0.9714
108.0000 21.2309 -7.2622 -5.5672 0.0086 -0.0136 -0.2346 0.9720
109.0000 21.3323 -7.5701 -5.5770 0.0086 -0.0127 -0.2348 0.9719
110.0000 21.2913 -7.9809 -5.5157 0.0069 -0.0094 -0.2421 0.9702
111.0000 20.8613 -7.9277 -5.5628 0.0059 -0.0087 -0.2422 0.9702
112.0000 20.9509 -7.9830 -5.4268 0.0073 -0.0048 -0.2399 0.9708
113.0000 21.2033 -8.0610 -5.3399 0.0103 -0.0035 -0.2411 0.9704
114.0000 21.6758 -7.9003 -5.5094 0.0074 -0.0112 -0.2435 0.9698
115.0000 21.9088 -7.3728 -5.3922 0.0102 -0.0074 -0.2439 0.9697
116.0000 22.1202 -7.2173 -5.4469 0.0102 -0.0082 -0.2452 0.9694
117.0000 22.2010 -7.0625 -5.5573 0.0086 -0.0117 -0.2465 0.9690
118.0000 22.4234 -6.8218 -5.6855 0.0075 -0.0160 -0.2509 0.9679
119.0000 22.5637 -6.5745 -5.7150 0.0074 -0.0168 -0.2571 0.9662
120.0000 22.6224 -6.7413 -5.7010 0.0076 -0.0157 -0.2606 0.9653
121.0000 22.8946 -7.2234 -5.6517 0.0080 -0.0142 -0.2648 0.9642
122.0000 22.4157 -7.9164 -5.6220 0.0076 -0.0136 -0.2705 0.9626
123.0000 21.7313 -8.7144 -5.6798 0.0072 -0.0159 -0.2723 0.9621
124.0000 21.6570 -9.5032 -5.7556 0.0083 -0.0166 -0.2703 0.9626
125.0000 21.7974 -9.6124 -5.6790 0.0073 -0.0150 -0.2704 0.9626
126.0000 21.9456 -9.7479 -5.6902 0.0073 -0.0154 -0.2712 0.9624
127.0000 22.5035 -9.9860 -5.8277 0.0063 -0.0202 -0.2669 0.9635
128.0000 23.0322 -10.7037 -5.7618 0.0063 -0.0186 -0.2645 0.9642
129.0000 23.7404 -11.8938 -5.5210 0.0067 -0.0117 -0.2608 0.9653
130.0000 24.7553 -12.5665 -5.5163 0.0074 -0.0126 -0.2545 0.9670
131.0000 26.2549 -13.0995 -5.6307 0.0066 -0.0180 -0.2443 0.9695
132.0000 28.2118 -13.5961 -5.5651 0.0069 -0.0160 -0.2252 0.9742
133.0000 30.4222 -14.0421 -5.6502 0.0063 -0.0218 -0.2085 0.9778
134.0000 32.7107 -14.7599 -5.5534 0.0074 -0.0226 -0.1969 0.9801
135.0000 35.1156 -15.1591 -5.5043 0.0071 -0.0255 -0.1956 0.9803
136.0000 37.4111 -15.1652 -5.3876 0.0070 -0.0245 -0.1998 0.9795
137.0000 40.1393 -15.5276 -5.3927 0.0052 -0.0198 -0.2040 0.9788
138.0000 42.9246 -15.9278 -5.3227 0.0038 -0.0204 -0.2133 0.9768
139.0000 45.8132 -17.5735 -5.1990 0.0028 -0.0215 -0.2357 0.9716
140.0000 48.5919 -19.4681 -5.1107 0.0031 -0.0188 -0.2583 0.9659
141.0000 51.7329 -20.1498 -4.8896 0.0033 -0.0227 -0.2691 0.9629
142.0000 55.2464 -21.8052 -4.8287 0.0024 -0.0214 -0.3017 0.9532
143.0000 58.4006 -23.8017 -4.7497 0.0099 -0.0229 -0.3442 0.9386
144.0000 61.3156 -25.8295 -4.7477 0.0210 -0.0247 -0.3882 0.9210
145.0000 63.5797 -28.8576 -4.1269 0.0351 -0.0365 -0.4403 0.8964
146.0000 64.4490 -31.5854 -4.1855 0.0393 -0.0367 -0.4885 0.8709
147.0000 64.9929 -33.7859 -3.9742 0.0364 -0.0402 -0.5230 0.8506
148.0000 65.4324 -36.1416 -4.0969 0.0412 -0.0389 -0.5568 0.8287
149.0000 65.6530 -38.5161 -3.8387 0.0375 -0.0411 -0.5894 0.8059
150.0000 64.8158 -42.1932 -2.3857 0.0311 -0.0639 -0.6260 0.7766
151.0000 63.6441 -45.7195 -1.7387 0.0389 -0.0769 -0.6610 0.7454
152.0000 60.7813 -48.9481 -2.0543 -0.0313 0.0743 0.7057 -0.7039
153.0000 58.3758 -50.8091 -3.1042 -0.0273 0.0580 0.7439 -0.6652
154.0000 57.2170 -51.6971 -2.8948 -0.0261 0.0619 0.7660 -0.6393
155.0000 56.0295 -53.0290 -2.9371 -0.0277 0.0616 0.7877 -0.6123
156.0000 54.9100 -54.4668 -2.7411 -0.0283 0.0649 0.8054 -0.5884
157.0000 53.7143 -55.8537 -2.4464 -0.0306 0.0681 0.8196 -0.5680
158.0000 51.9021 -57.7332 -2.8807 -0.0298 0.0629 0.8373 -0.5423
159.0000 50.3204 -58.9018 -3.2607 -0.0249 0.0590 0.8497 -0.5234
160.0000 48.3695 -58.1367 -3.7213 -0.0254 0.0550 0.8590 -0.5083
161.0000 46.5695 -57.6807 -3.5886 -0.0250 0.0580 0.8664 -0.4953
162.0000 45.5071 -56.7282 -3.8217 -0.0245 0.0540 0.8730 -0.4841
163.0000 43.0001 -56.4934 -4.1006 -0.0301 0.0532 0.8856 -0.4604
164.0000 40.2977 -56.1770 -4.3423 -0.0250 0.0479 0.8996 -0.4333
165.0000 38.0389 -55.5881 -4.4686 -0.0202 0.0440 0.9126 -0.4061
166.0000 35.8213 -54.4153 -4.8145 -0.0114 0.0313 0.9270 -0.3737
167.0000 34.4472 -52.4937 -4.5401 -0.0120 0.0406 0.9347 -0.3530
168.0000 34.7493 -49.8765 -4.6118 -0.0168 0.0445 0.9353 -0.3507
169.0000 35.0802 -47.5583 -4.6704 -0.0157 0.0426 0.9350 -0.3518
170.0000 36.3360 -45.0248 -4.8182 -0.0160 0.0403 0.9352 -0.3515
171.0000 37.8980 -41.4967 -4.8936 -0.0113 0.0324 0.9380 -0.3449
172.0000 39.7685 -38.5351 -4.7539 -0.0135 0.0336 0.9457 -0.3230
173.0000 41.9744 -35.4085 -4.8441 -0.0119 0.0316 0.9534 -0.2997
174.0000 45.1675 -32.4556 -5.2844 -0.0007 0.0208 0.9615 -0.2741
175.0000 48.9207 -29.6099 -5.2880 -0.0013 0.0165 0.9700 -0.2424
176.0000 52.5764 -26.8345 -4.9095 -0.0070 0.0205 0.9764 -0.2150
177.0000 55.6300 -24.5715 -4.9238 -0.0062 0.0196 0.9812 -0.1920
178.0000 58.7920 -22.7282 -4.7564 -0.0079 0.0192 0.9854 -0.1690
179.0000 61.7142 -21.3379 -4.7481 -0.0076 0.0151 0.9894 -0.1443
180.0000 64.2793 -20.3051 -4.6786 -0.0075 0.0151 0.9932 -0.1153
181.0000 66.6906 -18.3478 -4.5234 -0.0096 0.0161 0.9946 -0.1017
182.0000 68.4196 -16.6463 -4.3589 -0.0117 0.0143 0.9963 -0.0844
183.0000 70.6811 -16.1915 -4.1352 -0.0146 0.0145 0.9981 -0.0580
184.0000 72.4400 -15.9030 -4.1033 -0.0136 0.0143 0.9992 -0.0333
185.0000 74.0671 -15.6328 -3.8088 -0.0172 0.0152 0.9997 -0.0089
186.0000 76.3974 -15.4209 -3.9888 -0.0144 0.0148 0.9998 0.0078
187.0000 78.5158 -14.7489 -3.9805 -0.0131 0.0148 0.9994 0.0268
188.0000 80.4328 -14.4732 -3.6413 -0.0173 0.0146 0.9986 0.0487
189.0000 81.9800 -14.2880 -3.8010 -0.0146 0.0116 0.9978 0.0635
190.0000 82.5362 -12.7830 -3.9236 -0.0126 0.0111 0.9974 0.0699
191.0000 82.3759 -10.7581 -3.4523 -0.0187 0.0105 0.9976 0.0666
192.0000 82.3023 -8.2346 -3.5560 -0.0192 0.0143 0.9978 0.0611
193.0000 81.8706 -4.7818 -3.8738 -0.0156 0.0114 0.9987 0.0462
194.0000 81.7770 -0.5933 -3.4620 -0.0201 0.0112 0.9990 0.0389
195.0000 81.3972 3.3724 -3.6472 -0.0191 0.0116 0.9992 0.0332
196.0000 81.1037 7.2673 -3.5274 -0.0211 0.0105 0.9993 0.0279
197.0000 80.5171 11.7954 -4.0104 -0.0146 0.0083 0.9997 0.0171
198.0000 79.1486 16.5722 -3.4488 -0.0256 0.0122 0.9996 0.0027
199.0000 77.8760 18.7121 -3.8608 -0.0181 0.0093 0.9998 0.0090
200.0000 76.5131 18.6252 -3.8183 -0.0182 0.0073 0.9993 0.0320
201.0000 75.1134 18.1359 -3.9526 -0.0166 0.0082 0.9982 0.0569
202.0000 74.0433 16.7714 -4.3588 -0.0115 0.0094 0.9961 0.0872
203.0000 73.2275 13.6241 -4.6592 -0.0060 0.0077 0.9915 0.1295
204.0000 72.0713 10.4004 -4.8569 -0.0020 0.0073 0.9850 0.1722
205.0000 70.6562 7.0587 -5.1444 0.0028 0.0051 0.9763 0.2164
206.0000 68.9032 3.1620 -5.1137 0.0008 0.0053 0.9638 0.2664
207.0000 66.7413 0.6637 -5.5468 0.0087 0.0034 0.9537 0.3008
208.0000 64.6089 -0.5223 -5.6779 0.0121 -0.0001 0.9458 0.3244
209.0000 61.9109 -2.4926 -5.3032 0.0051 0.0045 0.9381 0.3464
210.0000 59.1820 -4.2881 -5.0735 -0.0022 0.0071 0.9297 0.3682
211.0000 56.9800 -5.4864 -5.1090 -0.0018 0.0061 0.9249 0.3802
212.0000 54.9192 -6.2836 -5.1428 -0.0018 0.0051 0.9220 0.3871
213.0000 53.6650 -6.6413 -5.3385 0.0025 0.0046 0.9228 0.3853
214.0000 52.7068 -7.2139 -5.3508 0.0023 0.0048 0.9280 0.3724
215.0000 51.8054 -7.7550 -5.3610 0.0017 0.0066 0.9332 0.3593
216.0000 51.5168 -8.0699 -5.2039 -0.0028 0.0045 0.9441 0.3296
217.0000 51.2711 -8.4394 -5.2012 -0.0044 0.0077 0.9554 0.2952
218.0000 51.7133 -8.4532 -5.3045 0.0007 0.0056 0.9689 0.2473
219.0000 52.1437 -8.5876 -5.2277 -0.0030 0.0083 0.9796 0.2007
220.0000 53.1549 -8.8920 -5.0890 -0.0064 0.0102 0.9876 0.1564
221.0000 54.9426 -10.1248 -5.0870 -0.0052 0.0110 0.9919 0.1267
222.0000 56.7792 -11.5094 -5.0308 -0.0062 0.0111 0.9952 0.0975
223.0000 59.2599 -11.3646 -5.1793 -0.0011 0.0110 0.9993 0.0347
224.0000 62.0904 -10.6572 -5.0811 -0.0034 0.0137 0.9994 -0.0321
225.0000 64.7241 -9.6855 -4.5651 -0.0115 0.0158 0.9952 -0.0956
226.0000 67.1105 -9.4332 -4.4796 -0.0120 0.0157 0.9862 -0.1643
227.0000 69.4736 -8.5772 -4.3875 -0.0122 0.0173 0.9719 -0.2346
228.0000 71.6649 -7.8432 -4.3897 -0.0107 0.0247 0.9527 -0.3027
229.0000 73.5561 -6.8556 -4.2413 -0.0124 0.0244 0.9298 -0.3670
230.0000 75.6771 -5.5302 -4.6712 -0.0049 0.0227 0.9022 -0.4308
231.0000 77.3563 -3.9281 -4.9984 -0.0001 0.0230 0.8717 -0.4895
232.0000 78.7434 -2.2022 -4.9837 0.0023 0.0303 0.8389 -0.5434
233.0000 80.0841 0.0284 -5.0349 0.0018 0.0291 0.8027 -0.5957
234.0000 81.2259 2.8943 -4.4975 -0.0078 0.0257 0.7617 -0.6474
235.0000 80.9561 5.9059 -4.1357 -0.0114 0.0315 0.7110 -0.7024
236.0000 80.1589 8.0641 -4.4457 0.0086 -0.0320 -0.6587 0.7517
237.0000 79.0012 10.3443 -4.2486 0.0067 -0.0433 -0.6023 0.7971
238.0000 77.7607 12.1061 -4.6398 0.0043 -0.0428 -0.5519 0.8328
239.0000 74.9726 15.4029 -4.0842 0.0151 -0.0296 -0.4742 0.8798
240.0000 70.7683 17.9069 -3.1914 0.0267 -0.0562 -0.3846 0.9210
241.0000 66.2383 19.4281 -3.9621 0.0188 -0.0671 -0.2911 0.9541
242.0000 60.8287 19.8462 -4.1468 0.0185 -0.0814 -0.1962 0.9770
243.0000 54.5419 18.6991 -4.6407 0.0206 -0.0706 -0.1106 0.9911
244.0000 49.1058 16.6184 -5.3179 0.0105 -0.0306 -0.0487 0.9983
245.0000 43.8430 14.2532 -5.2606 0.0145 -0.0177 0.0051 0.9997
246.0000 38.7207 11.4013 -5.2757 0.0191 -0.0138 0.0571 0.9981
247.0000 33.8201 7.6091 -5.8666 0.0080 -0.0268 0.1081 0.9937
248.0000 28.4057 2.5842 -5.9148 0.0081 -0.0205 0.1629 0.9864
249.0000 23.3172 -2.9841 -5.7599 0.0092 -0.0143 0.2167 0.9761
250.0000 18.8628 -8.8848 -5.7868 0.0057 -0.0121 0.2474 0.9688
251.0000 14.7884 -15.0427 -5.7176 0.0056 -0.0083 0.2783 0.9604
252.0000 11.2707 -21.6195 -5.8220 0.0047 -0.0086 0.3102 0.9506
253.0000 8.3520 -28.5423 -5.7077 0.0065 -0.0050 0.3447 0.9387
254.0000 5.4731 -35.4203 -6.2515 0.0007 -0.0147 0.3687 0.9294
255.0000 2.3459 -41.2179 -5.8327 0.0031 -0.0073 0.3771 0.9261
256.0000 -0.7642 -46.8626 -5.7814 0.0026 -0.0062 0.3835 0.9235
257.0000 -3.3814 -51.5092 -5.3667 0.0030 0.0001 0.3843 0.9232
258.0000 -5.9069 -56.3002 -4.7324 0.0114 0.0115 0.3794 0.9251
259.0000 -8.5002 -61.1377 -4.2161 0.0125 0.0167 0.3728 0.9277
260.0000 -11.4042 -65.8938 -5.2637 0.0034 0.0003 0.3650 0.9310
261.0000 -13.2346 -70.1189 -6.5175 -0.0056 -0.0166 0.3587 0.9333
262.0000 -13.6806 -75.1816 -6.3325 0.0008 -0.0112 0.3593 0.9332
263.0000 -13.3546 -80.5206 -4.5428 0.0038 0.0065 0.3656 0.9307
264.0000 -12.5923 -85.8826 -4.1925 0.0053 0.0103 0.3743 0.9272
265.0000 -9.1211 -92.7567 -3.5735 -0.0052 0.0059 0.4014 0.9158
266.0000 -6.7149 -98.7673 -4.1592 -0.0169 -0.0075 0.4194 0.9076
267.0000 -0.8284 -105.9303 -2.2027 -0.0092 0.0159 0.4502 0.8927
268.0000 5.7535 -113.5452 0.5773 -0.0372 0.0054 0.4857 0.8733
269.0000 13.1812 -121.3917 2.1848 -0.0662 -0.0168 0.5202 0.8513
270.0000 18.7290 -128.5036 3.6462 -0.1060 -0.0562 0.5461 0.8291
271.0000 21.3263 -134.0211 5.1663 -0.1216 -0.0689 0.5635 0.8142
272.0000 25.4317 -139.4057 4.8756 -0.1219 -0.0741 0.5842 0.7990
273.0000 27.8502 -143.1100 6.8300 -0.0947 -0.0248 0.6037 0.7912
274.0000 32.5418 -146.8648 3.8711 -0.0425 0.0164 0.6297 0.7755
275.0000 39.0134 -150.6599 -0.6795 -0.0083 0.0223 0.6652 0.7463
276.0000 44.6466 -153.3558 -3.5469 0.0018 0.0072 0.6979 0.7162
277.0000 61.5357 -151.9044 -24.4717 -0.0570 -0.3396 0.7141 0.6095
278.0000 94.3186 -143.9288 -19.4020 0.2612 0.6922 -0.6117 -0.2801
279.0000 104.0067 -134.4176 11.1807 0.3339 0.9178 -0.1768 0.1225
280.0000 86.8279 -146.1454 30.2566 0.2846 0.8066 0.2959 0.4252
281.0000 47.5505 -166.2489 4.7444 -0.0421 0.0874 0.6534 0.7508
282.0000 68.6967 -96.7233 26.8633 0.6347 -0.4965 -0.5420 0.2386
283.0000 33.1333 -144.5965 -20.7580 0.2695 -0.1551 0.3847 0.8691
284.0000 74.4527 -153.1391 -38.8124 0.3491 0.6633 -0.2474 -0.6140
285.0000 76.7074 -169.9099 -8.1070 0.7187 0.6234 0.2972 0.0803
286.0000 42.6330 -158.8961 -19.2102 0.4368 0.0064 0.5696 0.6962
287.0000 92.5334 -147.8014 -32.1142 0.3068 0.8119 -0.2183 -0.4461
288.0000 55.4784 -170.0211 3.5591 0.5090 0.4035 0.5308 0.5444
289.0000 88.9023 -144.1062 -38.5580 0.1871 0.7723 -0.3154 -0.5187
290.0000 68.2346 -136.8271 -46.4829 0.6448 -0.0544 0.7624 -0.0006
291.0000 65.4031 -143.2000 37.8492 0.7561 -0.0008 -0.6524 -0.0516
292.0000 68.8124 -136.5548 -46.5030 0.6395 -0.0564 0.7667 -0.0009
293.0000 64.1534 -143.0447 37.8268 0.7658 -0.0009 -0.6410 -0.0509
294.0000 67.2613 -136.3803 -46.5414 0.6541 -0.0580 0.7542 -0.0025
295.0000 66.9780 -142.4920 37.8918 0.7480 -0.0014 -0.6619 -0.0487
296.0000 67.5840 -136.4186 -46.5433 0.6512 -0.0578 0.7567 -0.0023
297.0000 63.3040 -142.9131 37.7513 0.7719 -0.0014 -0.6337 -0.0507
298.0000 67.9509 -136.2869 -46.5176 0.6481 -0.0591 0.7593 -0.0033
299.0000 63.9134 -142.9993 37.7645 0.7678 -0.0008 -0.6387 -0.0510
300.0000 68.4883 -136.3386 -46.5147 0.6432 -0.0589 0.7634 -0.0032
301.0000 65.6594 -142.8367 38.0010 0.7543 -0.0043 -0.6547 -0.0483
302.0000 68.7541 -136.4154 -46.4940 0.6401 -0.0580 0.7661 -0.0026
303.0000 64.6464 -142.7296 37.9433 0.7625 -0.0030 -0.6452 -0.0487
304.0000 67.3629 -136.4180 -46.5149 0.6532 -0.0578 0.7550 -0.0023
305.0000 64.6089 -143.2620 37.8207 0.7622 -0.0006 -0.6453 -0.0515
306.0000 68.8486 -136.3777 -46.5155 0.6400 -0.0581 0.7661 -0.0024
307.0000 65.5476 -143.2305 37.8525 0.7550 -0.0006 -0.6537 -0.0518
308.0000 67.2408 -136.3889 -46.5111 0.6543 -0.0579 0.7540 -0.0023
309.0000 64.2411 -143.0830 37.8247 0.7652 -0.0013 -0.6418 -0.0508
310.0000 68.1398 -136.2728 -46.5286 0.6464 -0.0590 0.7607 -0.0032
311.0000 63.8243 -142.9548 37.8503 0.7684 -0.0017 -0.6380 -0.0503
312.0000 68.5572 -136.3967 -46.4895 0.6428 -0.0584 0.7638 -0.0037
313.0000 64.8591 -142.8704 38.0110 0.7602 -0.0046 -0.6478 -0.0481
314.0000 66.9904 -136.1714 -46.5444 0.6566 -0.0599 0.7519 -0.0048
315.0000 65.4656 -142.9258 37.9458 0.7559 -0.0025 -0.6528 -0.0495
316.0000 68.0468 -136.3364 -46.5247 0.6472 -0.0592 0.7600 -0.0041
317.0000 64.7097 -143.1281 37.8258 0.7614 -0.0011 -0.6462 -0.0511
318.0000 67.9574 -136.2852 -46.5285 0.6480 -0.0593 0.7593 -0.0033
319.0000 64.0719 -142.9918 37.8565 0.7666 -0.0015 -0.6401 -0.0504
320.0000 66.4400 -136.2118 -46.5766 0.6612 -0.0601 0.7478 -0.0045
321.0000 65.0635 -143.1838 37.8395 0.7588 -0.0009 -0.6493 -0.0514
322.0000 67.8402 -136.3405 -46.5669 0.6490 -0.0591 0.7585 -0.0040
323.0000 66.5229 -143.1619 37.6638 0.7505 0.0026 -0.6588 -0.0528
324.0000 61.7527 -135.7611 -46.2861 0.6954 -0.0641 0.7157 -0.0033
325.0000 65.2745 -143.6100 37.7405 0.7569 0.0015 -0.6514 -0.0539
326.0000 69.7052 -136.5919 -46.4258 0.6286 -0.0679 0.7747 0.0083
327.0000 64.8208 -143.1207 37.8161 0.7609 -0.0002 -0.6468 -0.0518
328.0000 67.4708 -136.3849 -46.6185 0.6494 -0.0693 0.7573 0.0065
329.0000 66.5229 -143.5396 37.5880 0.7504 0.0035 -0.6588 -0.0536
330.0000 67.4263 -136.4431 -46.5248 0.6500 -0.0694 0.7567 0.0075
331.0000 63.8877 -142.6540 37.9837 0.7678 -0.0050 -0.6389 -0.0475
332.0000 67.7659 -136.2068 -46.5820 0.6465 -0.0714 0.7595 0.0076
333.0000 65.7486 -142.9261 37.9920 0.7533 -0.0047 -0.6559 -0.0483
334.0000 65.7812 -135.8378 -46.5944 0.6637 -0.0744 0.7443 0.0065
335.0000 64.9321 -142.8328 37.9752 0.7598 -0.0046 -0.6484 -0.0479
336.0000 65.2395 -135.6637 -46.5360 0.6632 -0.0766 0.7445 0.0086
337.0000 64.7441 -141.9320 38.2865 0.7649 -0.0012 -0.6434 -0.0305
338.0000 69.0837 -135.8405 -46.6337 0.6339 -0.0741 0.7698 0.0052
339.0000 66.0428 -142.0634 38.3327 0.7554 0.0014 -0.6547 -0.0279
340.0000 67.5305 -135.9896 -46.6220 0.6496 -0.0738 0.7567 0.0024
341.0000 65.0276 -141.6507 38.4420 0.7632 -0.0021 -0.6457 -0.0241
342.0000 66.9689 -135.6886 -46.6542 0.6535 -0.0750 0.7532 0.0048
343.0000 67.4404 -142.0143 38.4420 0.7503 0.0009 -0.6607 -0.0236
344.0000 67.5530 -135.9617 -46.6010 0.6489 -0.0731 0.7573 0.0040
345.0000 65.9653 -141.8013 38.4453 0.7556 -0.0024 -0.6545 -0.0255
346.0000 65.7621 -135.8928 -46.6091 0.6578 -0.0755 0.7494 0.0055
347.0000 65.8685 -141.8694 38.4176 0.7562 -0.0022 -0.6538 -0.0257
348.0000 66.7287 -135.9391 -46.5765 0.6579 -0.0731 0.7496 0.0021
349.0000 64.8104 -141.6979 38.3580 0.7643 -0.0029 -0.6443 -0.0250
350.0000 67.6757 -135.7661 -46.6401 0.6470 -0.0744 0.7588 0.0060
351.0000 79.0483 -116.4700 -44.1132 -0.0018 0.7630 -0.0211 -0.6461
352.0000 77.6145 -135.8633 -44.8987 0.5828 0.0462 0.8049 -0.1011
353.0000 101.1291 -107.2198 -22.8218 -0.1232 0.9502 -0.0931 -0.2707
354.0000 54.2674 -169.4532 5.3456 0.5011 0.4061 0.5153 0.5643
355.0000 90.7867 -102.3239 -29.7478 -0.2569 0.8885 -0.1825 -0.3335
356.0000 52.9281 -142.6985 35.6172 0.2465 0.5916 0.2034 0.7402
357.0000 34.3224 -120.7241 -32.8577 0.2039 -0.3688 0.1441 0.8953
358.0000 94.1572 -99.3990 10.9468 -0.3030 0.6303 0.6631 -0.2669
359.0000 50.0258 -168.4745 0.8979 -0.0472 0.0328 0.6969 0.7148
360.0000 52.0291 -89.5240 -19.8140 0.2560 -0.5306 -0.2368 0.7726
361.0000 89.2930 -139.0910 33.2962 -0.2304 0.4124 0.8663 0.1621
362.0000 24.2432 -141.1802 -16.0023 0.0912 -0.2355 0.3831 0.8885
363.0000 76.1873 -85.4043 13.2729 -0.2956 0.5809 0.5923 -0.4736
364.0000 118.5774 -81.3431 19.6331 -0.0082 0.9452 0.3225 0.0497
365.0000 132.9356 -90.7755 59.1141 0.2838 0.7783 -0.1286 0.5452
366.0000 119.0906 -65.3934 91.0192 0.4163 0.1739 -0.5074 0.7342
367.0000 131.3680 -24.1606 89.2908 -0.3148 0.5282 0.6010 -0.5106
368.0000 173.6173 -16.6689 92.8607 -0.0364 0.9335 0.3568 0.0000
369.0000 191.7735 -27.3126 130.4231 0.2625 0.8140 -0.0879 0.5106
370.0000 178.3266 -5.4431 164.9886 0.4139 0.2371 -0.4832 0.7342
371.0000 186.8328 36.7633 165.3588 -0.3326 0.4731 0.6069 -0.5451
372.0000 228.4287 47.8334 166.4105 -0.0644 0.9174 0.3895 -0.0497
373.0000 250.3119 36.4585 201.7037 0.2400 0.8461 -0.0468 0.4737
374.0000 237.7707 54.7001 238.6339 0.4095 0.2992 -0.4568 0.7308
375.0000 242.6114 97.3920 241.4333 -0.3489 0.4158 0.6101 -0.5772
376.0000 283.0533 112.1230 240.2849 -0.0921 0.8972 0.4205 -0.0992
377.0000 308.5239 100.5104 272.9999 0.2164 0.8742 -0.0055 0.4346
378.0000 297.3795 115.0750 311.9556 0.4033 0.3600 -0.4284 0.7241
379.0000 298.7274 157.7557 317.4704 -0.3635 0.3566 0.6105 -0.6066
380.0000 337.5360 176.1628 314.4803 -0.1194 0.8728 0.4495 -0.1482
381.0000 366.3889 164.8103 344.3552 0.1918 0.8984 0.0358 0.3935
382.0000 357.1068 175.7165 384.9602 0.3952 0.4190 -0.3979 0.7141
383.0000 355.1985 217.8893 393.4269 0.3765 -0.2958 -0.6080 0.6333
384.0000 391.9243 239.9205 388.9873 -0.1462 0.8444 0.4764 -0.1966
385.0000 423.8923 229.3213 415.8122 0.1663 0.9184 0.0770 0.3506
386.0000 416.9040 236.6543 457.6603 0.3853 0.4762 -0.3657 0.7008
387.0000 412.0358 277.8319 469.2611 0.3878 -0.2336 -0.6028 0.6570
388.0000 446.2675 303.3689 463.7906 -0.1723 0.8122 0.5012 -0.2440
389.0000 481.0265 294.0023 487.4116 0.1400 0.9342 0.1178 0.3062
390.0000 476.7213 297.9130 530.0736 0.3736 0.5312 -0.3317 0.6842
391.0000 469.2438 337.6263 544.9334 0.3972 -0.1704 -0.5948 0.6777
392.0000 500.6157 366.4865 538.8697 -0.1976 0.7762 0.5236 -0.2903
393.0000 537.7903 358.8091 559.1916 0.1131 0.9458 0.1581 0.2603
394.0000 536.5085 359.5111 602.2234 0.3602 0.5838 -0.2963 0.6646
395.0000 526.8201 397.3178 620.4073 0.4049 -0.1063 -0.5841 0.6954
396.0000 555.0189 429.2576 614.1989 -0.2220 0.7367 0.5437 -0.3353
397.0000 594.1896 423.6954 631.1868 0.0857 0.9530 0.1977 0.2132
398.0000 596.2160 421.4609 674.1376 0.3452 0.6336 -0.2595 0.6419
399.0000 584.7555 456.9537 695.6501 0.4107 -0.0418 -0.5708 0.7098
400.0000 609.5261 491.6733 689.7480 -0.2454 0.6938 0.5613 -0.3788
401.0000 650.2368 488.6132 703.4281 0.0579 0.9558 0.2363 0.1651
402.0000 655.7957 483.7683 745.8486 0.3286 0.6806 -0.2215 0.6162
403.0000 643.0343 516.5822 770.6329 0.4146 0.0229 -0.5548 0.7210
404.0000 664.1844 553.7309 765.4828 -0.2676 0.6477 0.5763 -0.4205
405.0000 705.9508 553.5141 775.9418 0.0298 0.9542 0.2739 0.1163
406.0000 715.2017 546.4327 817.3924 0.3105 0.7245 -0.1824 0.5877
407.0000 701.6346 576.2519 845.3320 0.4166 0.0875 -0.5362 0.7289
408.0000 719.0382 615.4342 841.3654 -0.2886 0.5986 0.5886 -0.4603
409.0000 761.3566 618.3499 848.7494 0.0016 0.9483 0.3102 0.0670
410.0000 774.3914 609.4469 888.8081 0.2909 0.7650 -0.1426 0.5566
411.0000 760.5285 636.0103 919.7287 0.4167 0.1517 -0.5152 0.7334
412.0000 774.1281 676.7938 917.3557 -0.3083 0.5468 0.5983 -0.4980
413.0000 816.4847 683.0737 921.8667 -0.0266 0.9380 0.3451 0.0173
414.0000 833.3261 672.7973 960.1372 0.2701 0.8020 -0.1021 0.5229
415.0000 819.6828 695.9035 993.8097 0.4149 0.2152 -0.4918 0.7346
416.0000 829.4906 737.8262 993.4113 -0.3266 0.4925 0.6052 -0.5334
417.0000 871.3710 747.6406 995.3040 -0.0547 0.9235 0.3784 -0.0324
418.0000 891.9719 736.4642 1031.4228 0.2479 0.8354 -0.0611 0.4867
419.0000 879.0593 755.9750 1067.5678 0.4112 0.2778 -0.4662 0.7324
420.0000 885.1572 798.5544 1069.4886 -0.3434 0.4360 0.6093 -0.5664
421.0000 926.0556 812.0084 1069.0657 -0.0825 0.9047 0.4099 -0.0820
422.0000 950.2999 800.4219 1102.7085 0.2247 0.8649 -0.0199 0.4484
423.0000 938.6161 816.2653 1141.0015 0.4057 0.3390 -0.4385 0.7268
424.0000 941.1536 859.0064 1145.5436 -0.3586 0.3774 0.6107 -0.5967
425.0000 980.5823 876.1389 1143.1504 -0.1100 0.8817 0.4396 -0.1312
426.0000 1008.2874 864.6397 1174.0384 0.2004 0.8905 0.0215 0.4080
427.0000 998.3076 876.8105 1214.1152 0.3982 0.3987 -0.4087 0.7179
428.0000 997.4998 919.2156 1221.5329 0.3722 -0.3171 -0.6092 0.6243
429.0000 1034.9979 939.9980 1217.5506 -0.1370 0.8547 0.4673 -0.1798
430.0000 1065.9177 929.0819 1245.4553 0.1752 0.9119 0.0627 0.3657
431.0000 1058.0861 937.6423 1286.9193 0.3889 0.4566 -0.3771 0.7057
432.0000 1054.2090 979.2199 1297.4141 0.3840 -0.2554 -0.6049 0.6491
433.0000 1089.3511 1003.5566 1292.2530 -0.1633 0.8238 0.4928 -0.2276
434.0000 1123.1806 993.7087 1317.0008 0.1492 0.9292 0.1037 0.3218
435.0000 1117.9021 998.7871 1359.4298 0.3779 0.5124 -0.3437 0.6903
436.0000 1111.2882 1039.0608 1373.1470 0.3941 -0.1924 -0.5979 0.6709
437.0000 1143.6918 1066.7911 1367.2389 -0.1889 0.7891 0.5161 -0.2744
438.0000 1180.0728 1058.4769 1388.7139 0.1225 0.9422 0.1442 0.2764
439.0000 1177.7054 1060.2656 1431.6682 0.3651 0.5658 -0.3088 0.6718
440.0000 1168.7372 1098.7828 1448.6938 0.4024 -0.1287 -0.5882 0.6896
441.0000 1198.0703 1129.6840 1442.4845 -0.2136 0.7508 0.5370 -0.3199
442.0000 1236.5976 1123.3410 1460.6307 0.0953 0.9510 0.1840 0.2297
443.0000 1237.4462 1122.0922 1503.6608 0.3506 0.6166 -0.2724 0.6501
444.0000 1226.5493 1158.4325 1524.0203 0.4089 -0.0643 -0.5757 0.7051
445.0000 1252.5359 1192.2238 1517.9609 -0.2374 0.7090 0.5554 -0.3639
446.0000 1292.7653 1188.2533 1532.7833 0.0676 0.9553 0.2230 0.1819
447.0000 1297.0756 1184.2751 1575.4385 0.3345 0.6646 -0.2348 0.6255
448.0000 1284.7110 1218.0581 1599.0964 0.4135 0.0004 -0.5606 0.7175
449.0000 1307.1366 1254.4056 1593.6352 -0.2600 0.6640 0.5713 -0.4062
450.0000 1348.5926 1253.1656 1605.1997 0.0396 0.9553 0.2609 0.1333
451.0000 1356.5469 1246.8160 1647.0361 0.3169 0.7096 -0.1961 0.5980
452.0000 1343.2025 1277.7080 1673.8965 0.4162 0.0651 -0.5429 0.7265
453.0000 1361.9176 1316.2312 1669.4710 -0.2815 0.6160 0.5846 -0.4467
454.0000 1404.1022 1318.0294 1677.9031 0.0114 0.9509 0.2977 0.0841
455.0000 1415.8164 1309.7099 1718.4917 0.2979 0.7513 -0.1565 0.5677
456.0000 1401.9980 1337.4303 1748.4000 0.4169 0.1295 -0.5228 0.7322
457.0000 1416.9211 1377.7086 1745.4286 -0.3016 0.5651 0.5952 -0.4852
458.0000 1459.3230 1382.7973 1750.9113 -0.0168 0.9421 0.3331 0.0346
459.0000 1474.8438 1372.9455 1789.8461 0.2775 0.7896 -0.1162 0.5349
460.0000 1461.0658 1397.2716 1822.5918 0.4158 0.1933 -0.5002 0.7345
461.0000 1472.1851 1438.8524 1821.4664 -0.3204 0.5117 0.6031 -0.5214
462.0000 1514.2890 1447.4236 1824.2366 -0.0450 0.9290 0.3670 -0.0152
463.0000 1533.5935 1436.5050 1861.1418 0.2558 0.8242 -0.0754 0.4996
464.0000 1520.3697 1457.2764 1896.4625 0.4127 0.2562 -0.4754 0.7335
465.0000 1527.7428 1499.6833 1897.5411 -0.3377 0.4559 0.6082 -0.5552
466.0000 1569.0388 1511.8652 1897.8856 -0.0729 0.9117 0.3992 -0.0648
467.0000 1592.0348 1500.3650 1932.4225 0.2329 0.8551 -0.0342 0.4620
468.0000 1579.8689 1517.4864 1970.0087 0.4078 0.3179 -0.4484 0.7291
469.0000 1583.6221 1560.2277 1973.6088 -0.3535 0.3980 0.6105 -0.5865
470.0000 1623.6152 1576.0822 1971.8586 -0.1005 0.8901 0.4295 -0.1142
471.0000 1650.1428 1564.4962 2003.7321 0.2090 0.8820 0.0071 0.4223
472.0000 1639.5189 1577.9392 2043.2327 0.4010 0.3782 -0.4193 0.7214
473.0000 1639.8449 1620.5173 2049.6258 0.3677 -0.3382 -0.6100 0.6151
474.0000 1678.0639 1640.0391 2046.1504 -0.1277 0.8645 0.4579 -0.1630
475.0000 1707.8986 1628.8647 2075.1140 0.1841 0.9049 0.0484 0.3806
476.0000 1699.2727 1638.6682 2116.1428 0.3924 0.4367 -0.3883 0.7103
477.0000 1696.4270 1680.5882 2125.5493 0.3801 -0.2770 -0.6067 0.6408
478.0000 1732.4332 1703.7051 2120.7496 -0.1542 0.8350 0.4842 -0.2111
479.0000 1765.2899 1693.4321 2146.6103 0.1583 0.9237 0.0895 0.3372
480.0000 1759.0814 1699.7016 2188.7532 0.3819 0.4932 -0.3555 0.6960
481.0000 1753.3773 1740.4809 2201.3381 0.3908 -0.2144 -0.6007 0.6637
482.0000 1786.7726 1767.0545 2195.6396 -0.1801 0.8016 0.5083 -0.2583
483.0000 1822.3108 1758.1563 2218.2609 0.1319 0.9382 0.1302 0.2923
484.0000 1818.8948 1761.0622 2261.0833 0.3697 0.5475 -0.3211 0.6786
485.0000 1810.6982 1800.2390 2276.9536 0.3998 -0.1509 -0.5919 0.6835
486.0000 1841.1323 1830.0677 2270.7979 -0.2051 0.7645 0.5300 -0.3042
487.0000 1878.9625 1822.9924 2290.1031 0.1048 0.9484 0.1703 0.2460
488.0000 1878.6629 1822.7666 2333.1580 0.3558 0.5993 -0.2852 0.6580
489.0000 1868.3854 1859.9085 2352.3603 0.4069 -0.0867 -0.5803 0.7001
490.0000 1895.5621 1892.7310 2346.1977 -0.2292 0.7239 0.5493 -0.3488
491.0000 1935.2527 1887.8934 2362.1703 0.0773 0.9543 0.2096 0.1986
