1 0 0 0 0 1 0 0 0 0 1 0
1 0 0 0.5 0 1 0 0 0 0 1 0
0.99999952 7.0614903e-05 0.00097829698 0.51464584 -6.7709816e-05 0.99999559 -0.00296925 -0.11786018 -0.00097850234 0.0029691824 0.99999511 0.19542549
0.99999765 0.00036771201 0.0021358194 0.52930319 -0.00036189904 0.99999623 -0.0027214092 -0.15588864 -0.0021368121 0.0027206298 0.99999402 0.35095252
0.99999391 0.00094464538 0.0033582379 0.54058356 -0.00095037492 0.99999809 0.0017049298 -0.19100438 -0.0033566209 -0.0017081111 0.99999291 0.45059475
0.99998901 9.9196814e-05 0.00468793 0.56059557 -8.9579612e-05 0.99999789 -0.002051647 -0.42576793 -0.0046881236 0.0020512045 0.99998691 0.47718712
0.99998326 -0.00098250351 0.005701525 0.57918619 0.0010126691 0.99998549 -0.0052903286 -0.61510682 -0.0056962445 0.0052960138 0.99996975 0.54677961
0.99999463 -0.0019307001 0.0026489559 0.61989364 0.001931302 0.99999811 -0.00022468461 -0.84830296 -0.0026485171 0.00022979934 0.99999647 0.27332604
0.99998503 -0.0025262863 0.004854587 0.62231779 0.0024938318 0.99997458 0.0066797795 -0.92822962 -0.0048713387 -0.006667573 0.99996591 0.5105998
0.99995795 -0.0023722468 0.0088587929 0.64333126 0.0023919298 0.99999469 -0.002211926 -1.0780252 -0.0088534986 0.0022330226 0.99995831 0.70977968
0.99997631 -0.0021246466 0.0065469615 0.65100975 0.002125067 0.99999774 -5.7251804e-05 -1.1347011 -0.0065468251 7.1163179e-05 0.99997857 0.4815774
0.99997971 -0.001345042 0.0062268939 0.68127706 0.001336147 0.99999808 0.0014324309 -1.1706484 -0.0062288086 -0.0014240818 0.99997959 0.42541962
0.99997626 -1.4315247e-05 0.006890371 0.72764399 -2.5116644e-06 0.99999702 0.0024420759 -1.1924123 -0.0068903854 -0.0024420352 0.99997328 0.33978307
0.99997057 0.00059990735 0.0076479759 0.70380281 -0.00064923411 0.999979 0.0064487981 -1.2023666 -0.0076439466 -0.0064535736 0.99994996 0.36456696
0.99996707 0.0015882446 0.0079581446 0.72195258 -0.0016385007 0.99997873 0.0063125139 -1.2394211 -0.0079479495 -0.0063253455 0.99994841 0.38717081
0.99996952 0.0014048711 0.0076796525 0.75628669 -0.001436885 0.9999903 0.0041647491 -1.3421368 -0.007673727 -0.0041756569 0.99996184 0.40298606
0.99996716 0.0012985505 0.0080001102 0.76913262 -0.0013149293 0.99999705 0.0020423962 -1.4530995 -0.0079974344 -0.0020528486 0.99996591 0.49026936
0.99997244 0.0015504637 0.0072609264 0.78370166 -0.0015549614 0.9999986 0.0006138339 -1.5349378 -0.0072599645 -0.00062510744 0.99997345 0.54365038
0.99997525 0.0016896489 0.006829554 0.79388248 -0.0016834844 0.99999817 -0.00090826306 -1.6130002 -0.0068310762 0.00089674313 0.99997627 0.52007662
0.99998646 0.002196208 0.004717504 0.82124362 -0.0021842702 0.9999944 -0.002534194 -1.6891552 -0.0047230432 0.0025238554 0.99998566 0.30201634
0.99999028 0.0030481582 0.0031844919 0.79770118 -0.0030470387 0.99999529 -0.00035635688 -1.6874834 -0.0031855631 0.00034665015 0.99999487 0.1909358
0.99998596 0.0037836418 0.0037106207 0.81468418 -0.0037858539 0.99999266 0.00058930974 -1.6947612 -0.0037083637 -0.00060334933 0.99999294 0.38467354
0.99998142 0.0048047832 0.0037521088 0.81032035 -0.0048033638 0.99998839 -0.00038720502 -1.6945632 -0.0037539257 0.00036917508 0.99999289 0.36907333
0.99997487 0.005794672 0.0040838865 0.80434839 -0.00578945 0.99998241 -0.0012893619 -1.7119579 -0.0040912861 0.001265686 0.99999083 0.38477859
0.9999721 0.0062019629 0.004163935 0.8261998 -0.0061970013 0.99998007 -0.0012034141 -1.7584005 -0.0041713156 0.0011775766 0.99999061 0.43255621
0.99997082 0.0062593596 0.0043794985 0.82194636 -0.0062551204 0.99997996 -0.00098100418 -1.8538843 -0.0043855512 0.00095358126 0.99998993 0.4003231
0.99996999 0.0064899485 0.004231172 0.83064428 -0.0064857941 0.99997847 -0.00099485532 -1.938747 -0.0042375375 0.00096738295 0.99999055 0.31584376
0.99997207 0.0064619009 0.0037541175 0.84889519 -0.0064653553 0.99997869 0.00090876826 -2.0365236 -0.0037481651 -0.00093301458 0.99999254 0.25297961
0.9999709 0.0064934223 0.0040036379 0.85219527 -0.0064992532 0.99997784 0.0014451142 -2.1146324 -0.0039941654 -0.0014710928 0.99999094 0.30851111
0.99996492 0.0065025405 0.0052798911 0.85790888 -0.006511731 0.99997731 0.001725338 -2.2157788 -0.0052685522 -0.0017596587 0.99998457 0.33028218
0.99996034 0.0067574004 0.0058015105 0.86901247 -0.0067753338 0.99997231 0.0030770978 -2.2867001 -0.0057805567 -0.0031162829 0.99997844 0.32691755
0.99995629 0.0068587212 0.006354404 0.88154885 -0.0068814797 0.99996996 0.0035666239 -2.3723188 -0.0063297506 -0.0036101957 0.99997345 0.37656747
0.99995295 0.0071631257 0.0065404967 0.88121488 -0.0071863175 0.99996795 0.0035292832 -2.4304618 -0.0065150064 -0.0035761193 0.99997238 0.3904301
0.99995695 0.0071746987 0.0058847335 0.8818176 -0.0071887483 0.99997135 0.00236979 -2.5170727 -0.0058675624 -0.0024119919 0.99997988 0.38483278
0.99995811 0.007736967 0.0048908497 0.88458925 -0.0077437329 0.99996908 0.0013659455 -2.5752198 -0.0048801302 -0.0014037617 0.99998711 0.34927678
0.99996075 0.007893487 0.0040243773 0.88594205 -0.0078963299 0.99996858 0.0006910292 -2.6410642 -0.0040187963 -0.00072277989 0.99999166 0.32296308
0.99996124 0.008462052 0.002431672 0.89410473 -0.0084611596 0.99996413 -0.00037704256 -2.6917061 -0.0024347754 0.00035645318 0.99999697 0.23097668
0.99995662 0.0093005014 0.00050708503 0.87255466 -0.0092997196 0.9999556 -0.0015227478 -2.7235477 -0.00052122483 0.001517966 0.99999871 0.11749206
0.99994784 0.01021319 -0.00012346384 0.86871791 -0.010213168 0.99994783 0.00018040341 -2.725663 0.0001252999 -0.00017913304 0.99999998 0.030655764
0.9999421 0.010725079 0.0008795597 0.8822472 -0.010726288 0.99994152 0.0013822828 -2.7722385 -0.00086468317 -0.0013916372 0.99999866 0.077753901
0.9999365 0.010936876 0.0027184198 0.87869045 -0.010943404 0.99993724 0.002398444 -2.8475531 -0.0026920177 -0.0024280405 0.99999343 0.1258869
0.99993776 0.010835749 0.0026581421 0.90351591 -0.010846188 0.9999334 0.0039448906 -2.9413766 -0.0026152192 -0.0039734758 0.99998869 0.075679623
0.99993907 0.01082204 0.0021749165 0.89896169 -0.010832708 0.99992905 0.0049545987 -3.0343918 -0.0021211433 -0.0049778571 0.99998536 0.012079661
0.99994069 0.01058925 0.0025453108 0.89742338 -0.010600731 0.9999335 0.0045400202 -3.1399874 -0.0024970661 -0.0045667331 0.99998645 0.058001139
0.99994072 0.010584205 0.0025555665 0.89992529 -0.010593199 0.99993765 0.0035319023 -3.2370823 -0.0025180248 -0.0035587645 0.9999905 0.091464802
0.99993853 0.010747724 0.0027245188 0.90897261 -0.010756484 0.99993696 0.0032213798 -3.3173274 -0.0026897245 -0.003250488 0.9999911 0.1307226
0.99993414 0.011094264 0.0029371807 0.91130673 -0.011103639 0.99993325 0.003195172 -3.3872158 -0.0029015365 -0.003227575 0.99999058 0.16530685
0.99993101 0.01145057 0.0026187283 0.90273306 -0.011458058 0.99993026 0.002862779 -3.4425238 -0.0025857652 -0.0028925871 0.99999247 0.14476679
0.99993014 0.011476503 0.0028283142 0.91543283 -0.011482796 0.99993161 0.002219002 -3.5338474 -0.0028026544 -0.0022513239 0.99999354 0.19174247
0.99992964 0.011507313 0.002878901 0.91746699 -0.011512813 0.99993192 0.0019011945 -3.6218984 -0.0028568274 -0.001934205 0.99999405 0.19823347
0.99993095 0.011565924 0.002079415 0.91331782 -0.011571383 0.99992958 0.0026330614 -3.6993354 -0.0020488148 -0.0026569412 0.99999437 0.14883758
0.99992923 0.011712361 0.0020859909 0.91270542 -0.011718467 0.99992702 0.0029394857 -3.7753718 -0.0020514103 -0.0029637223 0.9999935 0.12487927
0.99992917 0.011753472 0.0018728463 0.92183252 -0.011760009 0.99992466 0.0035182591 -3.8592714 -0.0018313535 -0.0035400346 0.99999206 0.10332403
0.99993008 0.011759975 0.0012432407 0.92849615 -0.011764454 0.9999241 0.0036582138 -3.9522921 -0.0012001258 -0.0036725841 0.99999254 0.075935074
0.99993051 0.011779669 0.00045672583 0.93038003 -0.011781017 0.99992589 0.0030705582 -4.0376576 -0.00042052182 -0.0030757256 0.99999518 0.04729466
0.99992631 0.012050182 0.0014705339 0.91873692 -0.012054581 0.99992278 0.0030202042 -4.1005247 -0.0014340264 -0.0030377083 0.99999436 0.099566537
0.99992151 0.012168722 0.0029840113 0.92854231 -0.012179288 0.99991953 0.0035484679 -4.1667 -0.0029405908 -0.0035845325 0.99998925 0.16151782
0.99992102 0.011972635 0.0038212097 0.9395223 -0.011988405 0.9999196 0.0041310211 -4.2577497 -0.0037714433 -0.0041765051 0.99998417 0.20231285
0.99992191 0.011694708 0.0044050579 0.94624422 -0.011713671 0.99992213 0.0043037966 -4.3604989 -0.0043543833 -0.0043550599 0.99998104 0.23435879
0.99992849 0.010864593 0.0049968137 0.95663282 -0.010887846 0.99992991 0.0046500209 -4.5082888 -0.0049459429 -0.0047040929 0.9999767 0.25807953
0.9999427 0.0098538995 0.0041824299 0.96408582 -0.009876673 0.99993632 0.0054597701 -4.6566192 -0.0041283635 -0.0055007657 0.99997635 0.22628501
0.99994525 0.009241777 0.0049082649 0.96440992 -0.0092693329 0.99994124 0.0056214213 -4.7706108 -0.0048560246 -0.0056666099 0.99997215 0.24735535
0.99995617 0.0081604784 0.0045886356 0.97785368 -0.0081851524 0.999952 0.0053843627 -4.9239446 -0.0045444764 -0.0054216854 0.99997498 0.2310544
0.99996313 0.0071749391 0.0047173549 0.9910097 -0.0071981264 0.99996201 0.0049168569 -5.0599517 -0.0046818976 -0.0049506318 0.99997679 0.25262029
0.99997156 0.006023412 0.004539451 1.0087319 -0.0060417864 0.99997357 0.0040449342 -5.2178781 -0.0045149667 -0.0040722455 0.99998152 0.26966742
0.99997621 0.0051388913 0.0046012652 1.0174149 -0.00515962 0.99997654 0.0045045101 -5.347667 -0.0045780091 -0.0045281437 0.99997927 0.2532382
0.99998413 0.0040881229 0.003875296 1.0287427 -0.0041065406 0.99998026 0.0047566061 -5.4881449 -0.0038557739 -0.0047724447 0.99998118 0.21457213
0.99998965 0.0032326585 0.0032011324 1.037224 -0.0032502198 0.99997961 0.0054960272 -5.6235093 -0.0031833004 -0.0055063747 0.99997977 0.18301458
0.99999358 0.0023561466 0.0026979051 1.0410281 -0.002369015 0.99998579 0.0047765431 -5.7385684 -0.0026866125 -0.0047829038 0.99998495 0.16043217
0.99999502 0.0016993441 0.0026576967 1.0491272 -0.001711328 0.99998835 0.0045133697 -5.848222 -0.0026499959 -0.0045178954 0.99998628 0.16902464
0.99999585 0.00085021672 0.0027529807 1.0539242 -0.00086169788 0.99999093 0.0041719507 -5.9747294 -0.0027494086 -0.0041743057 0.99998751 0.17713698
0.99999514 1.7657897e-05 0.0031192287 1.0611187 -3.3120815e-05 0.99998771 0.004957307 -6.0851058 -0.0031191028 -0.0049573862 0.99998285 0.19869311
0.99999434 -0.00084292077 0.0032575119 1.056546 0.00082569106 0.99998568 0.0052869537 -6.2046907 -0.0032619217 -0.0052842341 0.99998072 0.18940349
0.99999309 -0.0016386334 0.0033356254 1.0751488 0.0016198843 0.99998292 0.0056158218 -6.3082069 -0.0033447707 -0.0056103797 0.99997867 0.1912683
0.99999106 -0.0023803179 0.0034958901 1.0815214 0.0023621909 0.99998379 0.0051802537 -6.4109889 -0.0035081641 -0.0051719494 0.99998047 0.22448522
0.99998833 -0.0031272923 0.0036815392 1.0895633 0.003109926 0.99998406 0.004713427 -6.5062562 -0.0036962208 -0.0047019227 0.99998211 0.25031321
0.99998586 -0.0034623116 0.0040373561 1.1005062 0.0034455446 0.99998544 0.0041525427 -6.5783389 -0.0040516747 -0.0041385731 0.99998323 0.28014024
0.99998415 -0.0040380894 0.0039244666 1.1057446 0.0040212813 0.99998275 0.0042813945 -6.6625601 -0.0039416876 -0.0042655452 0.99998313 0.26885148
0.99997658 -0.0049605124 0.0047161666 1.1176016 0.0049385792 0.99997699 0.0046509534 -6.7682008 -0.0047391292 -0.0046275533 0.99997806 0.29058462
0.99997053 -0.00612642 0.004625978 1.1387146 0.0061057709 0.99997139 0.0044647349 -6.893363 -0.0046531985 -0.0044363582 0.99997933 0.28884954
0.99996514 -0.0071296613 0.0043466926 1.1517879 0.0071085873 0.999963 0.004844626 -7.003663 -0.0043810723 -0.0048135583 0.99997882 0.29001541
0.99995748 -0.008283755 0.0040524057 1.1691858 0.0082674285 0.99995771 0.0040291561 -7.1238203 -0.0040856109 -0.0039954818 0.99998367 0.29398606
0.99995061 -0.0092851556 0.0035455977 1.1770614 0.0092720288 0.99995017 0.0037009399 -7.2222123 -0.0035797848 -0.0036678822 0.99998687 0.28189797
0.99994707 -0.0098588764 0.0029427866 1.1776523 0.0098496363 0.99994657 0.0031380505 -7.3220054 -0.002973567 -0.0031088991 0.99999075 0.25860517
0.99994175 -0.010502537 0.0024878381 1.1876107 0.010495796 0.99994125 0.0027075019 -7.4040466 -0.0025161275 -0.0026812323 0.99999324 0.24718828
0.99993632 -0.011017193 0.0024432715 1.1895091 0.011012934 0.99993782 0.001750031 -7.4779494 -0.0024624 -0.0017230119 0.99999548 0.25685565
0.99993431 -0.011376882 0.0013942416 1.1923453 0.011375011 0.9999344 0.001342293 -7.5322109 -0.0014094213 -0.0013263453 0.99999813 0.22072838
0.99993393 -0.011443675 0.0010869893 1.190869 0.01144273 0.99993415 0.0008722715 -7.5844636 -0.0010968997 -0.00085977574 0.99999903 0.21969926
0.99993259 -0.011526309 0.0013975546 1.1957647 0.011526192 0.99993357 9.1599001e-05 -7.6279515 -0.0013985175 -7.5484344e-05 0.99999902 0.24354837
0.99993445 -0.011324871 0.0016850689 1.1963737 0.011326084 0.9999356 -0.00071204683 -7.6541455 -0.0016768966 0.00073108539 0.99999833 0.27550612
0.99993397 -0.011382307 0.0015779573 1.1949495 0.011385719 0.99993283 -0.0021699449 -7.7067147 -0.0015531523 0.0021877678 0.9999964 0.2892261
0.99993803 -0.011079289 0.0010876608 1.1912752 0.011081995 0.99993543 -0.0025141234 -7.7330497 -0.0010597358 0.002526021 0.99999625 0.28629919
0.99994234 -0.010725992 0.0005172854 1.1825058 0.010727371 0.9999387 -0.0027407421 -7.7550776 -0.00048785651 0.0027461332 0.99999611 0.26209385
0.99994429 -0.010555196 6.9258571e-05 1.1651036 0.010555367 0.99993883 -0.0033050867 -7.7841505 -3.4368496e-05 0.0033056337 0.99999454 0.24711321
0.99994818 -0.010142908 0.00087657164 1.15433 0.010146106 0.99994159 -0.0037236092 -7.7883983 -0.00083875222 0.00373231 0.99999268 0.27777147
0.99995454 -0.0095083725 0.00071270646 1.1404475 0.0095108723 0.99994833 -0.0035902539 -7.7824306 -0.00067853216 0.0035968692 0.9999933 0.27362891
0.9999574 -0.0092187245 0.00045422619 1.1317918 0.0092202335 0.99995157 -0.0034402721 -7.8017711 -0.00042248928 0.0034443137 0.99999398 0.26105607
0.99996223 -0.0086809738 0.00041622965 1.1166138 0.0086826546 0.99995339 -0.0042221888 -7.8034114 -0.00037955753 0.0042256433 0.999991 0.2578298
0.99997221 -0.0073745929 0.0010911075 1.0911823 0.0073791913 0.99996365 -0.004272228 -7.758676 -0.0010595619 0.0042801607 0.99999028 0.28506291
0.99997741 -0.0066554316 0.00093920138 1.0717894 0.0066607382 0.9999612 -0.0057648598 -7.7515035 -0.0009007973 0.0057709853 0.99998294 0.301592
0.99997064 -0.0063327296 0.0043139235 1.0790636 0.0063636164 0.99995395 -0.0071840779 -7.7640632 -0.00426823 0.0072113192 0.99996489 0.48579245
0.99996792 -0.0054867615 0.0058349273 1.0804268 0.005535107 0.99995022 -0.0083019259 -7.747023 -0.0057890861 0.0083339566 0.99994851 0.56973171
0.99997091 -0.0051522368 0.005625058 1.0808819 0.0052007272 0.99994915 -0.0086401032 -7.7517983 -0.0055802561 0.0086691063 0.99994685 0.58664738
0.99997554 -0.0047860546 0.0051001576 1.0721617 0.0048311223 0.99994907 -0.0088611646 -7.7514671 -0.0050574878 0.0088855873 0.99994773 0.57067956
0.9999754 -0.0045059204 0.0053757916 1.0627735 0.0045590699 0.99994044 -0.0099158765 -7.7631341 -0.0053307913 0.0099401411 0.99993639 0.58807195
0.99997402 -0.0043288003 0.005764012 1.0701129 0.0043916518 0.99993055 -0.010936485 -7.7797258 -0.0057162698 0.010961515 0.99992358 0.63407926
0.99996601 -0.0047411695 0.0067450431 1.0800799 0.0048260845 0.9999086 -0.012629171 -7.8270738 -0.0066845495 0.012661294 0.9998975 0.6904185
0.99995142 -0.005044651 0.0084679434 1.0762437 0.0051569538 0.99989834 -0.013293087 -7.8686669 -0.0084000236 0.01333611 0.99987579 0.74044821
0.99994516 -0.0051811307 0.0091017321 1.0694713 0.0052861495 0.9999193 -0.011552418 -7.8919743 -0.009041143 0.011599897 0.99989184 0.72488379
0.9999523 -0.0046704166 0.0085783385 1.0511071 0.0047502935 0.99994533 -0.0093148175 -7.8710916 -0.0085343655 0.0093551228 0.99991982 0.69585346
0.99996891 -0.0043459831 0.0065790529 1.0323299 0.0044030493 0.9999526 -0.0086844278 -7.8767999 -0.0065409987 0.0087131258 0.99994065 0.65137522
0.99997877 -0.0046566797 0.0045588609 1.0243917 0.0047049749 0.99993231 -0.01064093 -7.911872 -0.0045090009 0.010662154 0.99993299 0.60457389
0.99997485 -0.0053202061 0.0046891859 1.0389336 0.0053756641 0.99991481 -0.011894599 -7.972333 -0.0046255047 0.011919507 0.99991826 0.63162456
0.99997196 -0.005614076 0.0049564912 1.0382966 0.0056730951 0.99991221 -0.011974782 -8.0137913 -0.0048888288 0.012002565 0.99991602 0.63076501
0.99997155 -0.0053317754 0.0053366151 1.0222721 0.0053886409 0.99992825 -0.010698671 -8.0024639 -0.0052791892 0.010727124 0.99992853 0.6090638
0.99997136 -0.0052884255 0.0054135936 1.0211686 0.0053427169 0.99993508 -0.010063883 -8.0070692 -0.0053600201 0.010092518 0.9999347 0.59130371
0.99997141 -0.0057683337 0.0048883695 1.0248944 0.0058160023 0.99993512 -0.0097939759 -8.0387186 -0.0048315574 0.0098221267 0.99994009 0.58368281
0.99997073 -0.0063280012 0.0043012633 1.0251799 0.0063695393 0.99993254 -0.0097130703 -8.0873587 -0.0042395088 0.009740183 0.99994358 0.56001491
0.9999708 -0.0066443991 0.0037757337 1.0141506 0.006680206 0.99993207 -0.0095512761 -8.1229439 -0.0037120147 0.0095762198 0.99994726 0.5323278
0.9999731 -0.0063911027 0.003597941 1.0140927 0.0064237995 0.9999375 -0.0091506206 -8.1243959 -0.0035392335 0.0091734869 0.99995166 0.53093666
0.99997035 -0.0070376777 0.0031243659 1.0195363 0.007064774 0.99993678 -0.0087479447 -8.1653468 -0.0030626031 0.0087697583 0.99995685 0.5074914
0.99996982 -0.0073518816 0.0025120252 1.0078251 0.0073722638 0.99993918 -0.008203312 -8.1979858 -0.0024515626 0.0082215837 0.9999632 0.47209898
0.99996901 -0.0074604453 0.0025157033 1.0018619 0.0074811901 0.99993724 -0.008340107 -8.2134466 -0.0024533245 0.0083586689 0.99996206 0.45778825
0.99995827 -0.0082542802 0.0039153335 1.0138168 0.0082859836 0.99993245 -0.0081513528 -8.2543914 -0.0038477855 0.008183455 0.99995911 0.48706758
0.99995124 -0.0085062828 0.0050150968 1.017721 0.0085416449 0.99993851 -0.0070723973 -8.2628139 -0.0049546286 0.0071148897 0.99996241 0.52450451
0.99995333 -0.0083582233 0.0048462783 1.0144906 0.008387566 0.99994642 -0.0060663029 -8.2593994 -0.0047953151 0.0061066682 0.99996986 0.51701752
0.99995683 -0.0083805144 0.0040122658 1.0045155 0.0084057996 0.99994465 -0.0063271559 -8.2709043 -0.0039590189 0.0063606091 0.99997193 0.48637251
0.99995774 -0.0085762055 0.0033107107 0.99905396 0.0085976558 0.99994178 -0.0065201369 -8.295744 -0.0032545999 0.0065483257 0.99997326 0.47813064
0.99996068 -0.0085786629 0.002247839 0.99308208 0.0085940557 0.99993906 -0.0069300767 -8.3060818 -0.0021882512 0.0069491222 0.99997346 0.44961644
0.99996222 -0.0085771154 0.001414784 0.98520942 0.0085872186 0.99993651 -0.0072967535 -8.3285181 -0.001352109 0.0073086269 0.99997238 0.42931802
0.99996203 -0.0086412635 0.0011221083 0.97408975 0.0086494249 0.99993458 -0.0074844001 -8.3435432 -0.0010573602 0.0074938216 0.99997136 0.41737077
0.99995924 -0.008963316 0.0010818938 0.97065986 0.0089716386 0.99992815 -0.0079499311 -8.3647562 -0.0010105583 0.0079593134 0.99996781 0.41103664
0.99995692 -0.0091962535 0.001256293 0.97805973 0.0092065245 0.99992208 -0.0084304013 -8.3754041 -0.001178667 0.0084416043 0.99996367 0.42517366
0.99996039 -0.0087679438 0.0015333091 0.96858121 0.0087808667 0.99992416 -0.0086349116 -8.363697 -0.0014574824 0.0086480333 0.99996154 0.43308759
0.99995926 -0.0088542814 0.00175281 0.97073407 0.0088686332 0.99992575 -0.0083568117 -8.372122 -0.0016786863 0.0083720163 0.99996355 0.44548341
0.99995717 -0.0090991731 0.0016921181 0.96904061 0.0091128209 0.99992452 -0.0082407128 -8.3914572 -0.0016170067 0.0082557798 0.99996461 0.44448686
0.99995845 -0.0090132573 0.0013663421 0.96332259 0.0090245424 0.99992322 -0.0084914066 -8.3973627 -0.001289702 0.0085033843 0.99996301 0.43676841
0.99995828 -0.0090369654 0.0013324829 0.95480685 0.0090485932 0.9999186 -0.0089951028 -8.400012 -0.001251086 0.0090067846 0.99995866 0.43237842
0.9999564 -0.0092085799 0.001548911 0.95748853 0.0092222674 0.99991629 -0.0090749096 -8.4160094 -0.0014652143 0.0090887984 0.99995762 0.4424369
0.99995523 -0.0092523261 0.0019848688 0.95779491 0.0092695801 0.99991772 -0.0088672527 -8.4187442 -0.0019026627 0.0088852545 0.99995872 0.45657163
0.99995778 -0.0089810913 0.0019448602 0.95390315 0.0089977938 0.99992118 -0.0087566964 -8.409955 -0.0018660622 0.0087738261 0.99995977 0.43544608
0.99995638 -0.0091429167 0.0019116942 0.95483313 0.0091588341 0.99992201 -0.008490295 -8.4145644 -0.001833919 0.0085074335 0.99996213 0.44324282
0.99995534 -0.009287522 0.0017498648 0.94951658 0.0093021996 0.99991996 -0.0085752735 -8.4252029 -0.0016700817 0.0085911681 0.9999617 0.43916914
0.9999563 -0.0091657469 0.0018378524 0.94284918 0.009181588 0.99991909 -0.0088045608 -8.4208501 -0.0017570033 0.0088210505 0.99995955 0.44323199
0.99995643 -0.009137078 0.0019108787 0.93913205 0.0091538593 0.99991791 -0.0089657903 -8.4198415 -0.0018288007 0.0089828915 0.99995798 0.44176889
0.99995613 -0.0091180543 0.0021468253 0.94282773 0.0091365484 0.99991982 -0.0087684651 -8.4219347 -0.0020667018 0.008787695 0.99995925 0.44657689
0.99995391 -0.0093530265 0.0021671813 0.9398622 0.0093716778 0.99991769 -0.0087621618 -8.4372699 -0.0020850502 0.0087820681 0.99995926 0.44585877
0.99995465 -0.0092596604 0.0022252803 0.93417348 0.0092788925 0.99991828 -0.0087935054 -8.4352745 -0.0021436735 0.0088137547 0.99995886 0.44563702
0.9999533 -0.0093619766 0.002397919 0.93523946 0.0093824972 0.99991818 -0.0086943853 -8.4429412 -0.0023163262 0.0087164777 0.99995933 0.44892575
0.99995309 -0.0093638465 0.0024757129 0.92669558 0.0093847767 0.99991913 -0.0085822792 -8.4430609 -0.0023951496 0.0086051106 0.99996011 0.44232498
0.99995414 -0.0092127312 0.0026159148 0.91980161 0.0092349604 0.99992023 -0.0086167253 -8.4419886 -0.0025363225 0.008640488 0.99995945 0.43764374
0.99995121 -0.0094962526 0.0027215918 0.92453162 0.0095190067 0.99991879 -0.0084732884 -8.4469547 -0.0026409063 0.0084987818 0.9999604 0.44084079
0.99995161 -0.0093951494 0.0029184963 0.91137753 0.0094198433 0.99991894 -0.0085659142 -8.4498755 -0.0028377816 0.0085929915 0.99995905 0.44582049
0.99995411 -0.0091518675 0.0028327813 0.91114432 0.0091762547 0.99991988 -0.0087190808 -8.435117 -0.0027527585 0.008744675 0.99995798 0.44212642
0.99995338 -0.0092223242 0.0028597707 0.91662431 0.0092478831 0.99991622 -0.0090568166 -8.4354701 -0.0027760062 0.0090828412 0.9999549 0.44403865
0.9999529 -0.0092348283 0.0029865761 0.92121847 0.0092617405 0.99991546 -0.0091264185 -8.4317495 -0.0029020428 0.0091536495 0.99995389 0.45727698
0.99995291 -0.0092333941 0.0029879979 0.92059181 0.0092597455 0.99991726 -0.0089288227 -8.4335394 -0.0029053074 0.0089560703 0.99995567 0.4575283
0.99995265 -0.0091885204 0.0032047913 0.91535821 0.0092167519 0.99991784 -0.0089085531 -8.4310901 -0.0031226716 0.008937669 0.99995518 0.45196087
0.9999511 -0.0092856653 0.0034020399 0.91735473 0.0093159999 0.99991599 -0.0090119725 -8.4291135 -0.0033180719 0.0090432253 0.9999536 0.44841751
0.99995197 -0.0091857528 0.0034177537 0.91773095 0.0092148058 0.9999207 -0.0085842664 -8.4322543 -0.0033386297 0.008615348 0.99995731 0.45766423
0.99995264 -0.0091759761 0.0032427252 0.91539636 0.0092036474 0.99992046 -0.0086240046 -8.4382937 -0.0031633336 0.0086534411 0.99995755 0.45035989
0.9999546 -0.0089102269 0.0033781425 0.91110119 0.0089391883 0.99992257 -0.008657264 -8.4140859 -0.0033007427 0.0086870688 0.99995682 0.4482959
0.99995079 -0.0092807739 0.0035062224 0.91488473 0.0093097813 0.9999218 -0.0083494184 -8.4312551 -0.0034284592 0.0083816497 0.999959 0.44855413
0.99995133 -0.0092951064 0.0033080697 0.91221835 0.0093225652 0.99992139 -0.0083842534 -8.4326524 -0.0032298772 0.008414685 0.99995938 0.44655445
0.99995303 -0.0091183083 0.0032860304 0.91621885 0.0091452865 0.99992381 -0.0082906651 -8.4217193 -0.0032101832 0.0083203273 0.99996023 0.44834663
0.99995439 -0.0090780554 0.0029659793 0.91117718 0.0091018805 0.9999256 -0.0081205387 -8.4246224 -0.00289204 0.0081471644 0.99996263 0.4478218
0.99995295 -0.0092040975 0.0030634336 0.91613326 0.0092285594 0.99992486 -0.0080691561 -8.4220549 -0.0029889341 0.0080970475 0.99996275 0.44667235
0.99995337 -0.0091159422 0.0031875459 0.91693075 0.0091414175 0.99992564 -0.0080710532 -8.4173286 -0.0031137337 0.0080998155 0.99996235 0.45203839
0.99995481 -0.0090026784 0.0030559393 0.91706112 0.009027235 0.99992629 -0.0081193177 -8.4105528 -0.0029826185 0.0081465374 0.99996237 0.44694091
0.99995346 -0.0091621774 0.0030226149 0.91805915 0.0091856848 0.99992694 -0.0078572147 -8.4195905 -0.0029504049 0.0078846138 0.99996456 0.45428532
0.99995466 -0.0090768386 0.0028785384 0.91401934 0.0090998937 0.99992579 -0.0080999976 -8.4206695 -0.0028048024 0.0081258247 0.99996305 0.44588033
0.99995501 -0.0090620217 0.0028037455 0.91580672 0.0090845545 0.99992568 -0.0081311207 -8.4187224 -0.0027298527 0.0081562257 0.99996301 0.45270496
0.99995445 -0.0091180411 0.0028200983 0.91699551 0.0091403242 0.99992629 -0.0079922376 -8.4148414 -0.0027470168 0.0080176502 0.99996408 0.45659978
0.99995498 -0.0090798851 0.0027574503 0.9175828 0.0091014021 0.99992743 -0.0078935943 -8.4134719 -0.0026855772 0.0079183356 0.99996504 0.44992658
0.99995393 -0.0091580917 0.0028740878 0.91287665 0.0091798456 0.99992861 -0.0076493167 -8.4168917 -0.0028038294 0.007675348 0.99996661 0.45168418
0.9999538 -0.0091028239 0.0030876477 0.91384209 0.0091266656 0.99992795 -0.007797487 -8.4121378 -0.0030164461 0.0078253067 0.99996483 0.45012865
0.99995413 -0.0090631649 0.0030964114 0.91913231 0.0090867281 0.9999292 -0.0076824651 -8.4066809 -0.0030265648 0.007710249 0.9999657 0.443238
0.99995343 -0.0091756957 0.0029913875 0.92144703 0.0091980841 0.99992913 -0.0075584952 -8.4134295 -0.0029218211 0.0075856582 0.99996696 0.44660978
0.99995452 -0.0090544025 0.0029950765 0.91012124 0.0090767076 0.99993053 -0.0075194645 -8.4114515 -0.0029267842 0.007546308 0.99996724 0.4461269
0.99995516 -0.009008985 0.0029166295 0.91093577 0.0090307999 0.99993068 -0.0075547574 -8.407537 -0.0028483666 0.0075807582 0.99996721 0.44452655
0.99995361 -0.0091229126 0.0030888916 0.90409593 0.0091452727 0.99993151 -0.0073038554 -8.4142651 -0.0030220476 0.0073317654 0.99996856 0.44531149
0.99995523 -0.0088903087 0.003240722 0.90926979 0.008913895 0.99993335 -0.0073378164 -8.4017517 -0.0031752706 0.0073663753 0.99996783 0.44828281
0.99995489 -0.0090047464 0.0030220714 0.91482391 0.0090266328 0.99993255 -0.0073084154 -8.4060359 -0.0029560572 0.0073353648 0.99996873 0.44912991
0.99995581 -0.0089204468 0.0029674899 0.91341823 0.008941181 0.99993518 -0.0070488154 -8.4017564 -0.0029044189 0.0070750367 0.99997075 0.44879863
0.99995541 -0.008930222 0.0030704649 0.91354319 0.0089517145 0.99993502 -0.007058756 -8.401757 -0.0030072291 0.0070859272 0.99997037 0.44711211
0.99995441 -0.0090623948 0.0030097905 0.91411279 0.0090838876 0.99993278 -0.0072057737 -8.4095754 -0.0029442866 0.0072327857 0.99996951 0.44728019
0.99995557 -0.0089637213 0.0029164611 0.91397674 0.0089844215 0.99993398 -0.0071637515 -8.4055036 -0.0028520547 0.007189636 0.99997009 0.44828485
0.99995632 -0.0088935307 0.0028731114 0.91120651 0.0089139479 0.99993454 -0.0071734124 -8.4003704 -0.0028091264 0.0071987098 0.99997014 0.44433222
0.999956 -0.0089013673 0.0029591733 0.91156857 0.0089222286 0.9999349 -0.0071128615 -8.4004604 -0.0028956665 0.007138951 0.99997032 0.4532707
0.99995595 -0.0089278773 0.0028977252 0.90970573 0.0089480536 0.99993528 -0.0070261719 -8.4058678 -0.0028348089 0.0070517914 0.99997112 0.44249933
0.99995493 -0.0090365964 0.0029130533 0.91307979 0.0090564917 0.99993525 -0.0068904205 -8.4093361 -0.0028505988 0.006916492 0.99997202 0.44415875
0.99995476 -0.0090365891 0.0029693079 0.9158925 0.0090567448 0.99993555 -0.0068461635 -8.4062668 -0.0029072505 0.006872746 0.99997216 0.44700122
0.99995688 -0.0088084919 0.0029415198 0.91228433 0.0088282799 0.99993802 -0.0067833091 -8.3907074 -0.0028815867 0.0068089851 0.99997267 0.44425985
0.99995587 -0.0088949628 0.0030238194 0.91592766 0.0089159563 0.99993574 -0.0070016242 -8.3997048 -0.0029613459 0.0070282754 0.99997092 0.44593636
0.9999551 -0.008950679 0.0031126898 0.91630957 0.0089724857 0.9999348 -0.0070638118 -8.4033571 -0.003049261 0.0070914232 0.99997021 0.44846207
0.99995432 -0.0089108346 0.0034562736 0.91546028 0.008935433 0.99993439 -0.0071681292 -8.4028164 -0.0033921728 0.0071986851 0.99996834 0.4530526
0.99995396 -0.0090207194 0.0032730681 0.91879873 0.0090442694 0.99993279 -0.0072530697 -8.4062304 -0.0032074202 0.0072823383 0.99996834 0.44863172
0.99995368 -0.0090086929 0.0033897508 0.91359291 0.0090330995 0.99993288 -0.0072550239 -8.4078104 -0.003324165 0.0072853077 0.99996794 0.44462334
0.99995222 -0.0091372725 0.0034747603 0.91190824 0.0091618458 0.99993266 -0.0071230175 -8.4178488 -0.0034094414 0.0071545123 0.99996859 0.44546965
0.99995159 -0.0091149217 0.0037051718 0.91700716 0.0091405506 0.999934 -0.00696 -8.4062072 -0.0036414874 0.0069935304 0.99996891 0.4464572
0.99995347 -0.0088742542 0.0037819523 0.91375891 0.0089006311 0.99993578 -0.0070156251 -8.39735 -0.003719451 0.0070489604 0.99996824 0.44314865
0.99995348 -0.0088892907 0.0037446821 0.91469583 0.0089150373 0.99993634 -0.0069158566 -8.3996245 -0.0036829667 0.0069489188 0.99996907 0.44612761
0.99995477 -0.0087807201 0.0036558599 0.91462055 0.0088058821 0.99993725 -0.0069244074 -8.3903206 -0.0035948293 0.0069562872 0.99996934 0.44834868
0.99995444 -0.008837983 0.0036077479 0.9173494 0.0088629053 0.99993656 -0.0069514665 -8.3949095 -0.003546082 0.0069831249 0.99996933 0.44366526
0.99995308 -0.0089645565 0.0036714348 0.92089096 0.0089897872 0.99993569 -0.0069143201 -8.3992754 -0.0036092149 0.0069470011 0.99996936 0.44771063
0.9999524 -0.0090486053 0.0036506555 0.91850733 0.009074471 0.99993339 -0.0071319958 -8.405953 -0.0035858777 0.0071647841 0.9999679 0.44817123
0.99995309 -0.0089685987 0.0036592348 0.91827462 0.0089939395 0.99993527 -0.0069685138 -8.4019984 -0.0035965001 0.0070010978 0.99996902 0.45119508
0.99995377 -0.008900273 0.003638641 0.92066574 0.0089256519 0.99993553 -0.0070191256 -8.393737 -0.0035759343 0.0070512784 0.99996875 0.45077683
0.99995272 -0.0089959074 0.0036915378 0.92164593 0.0090219793 0.99993404 -0.0071077959 -8.4017326 -0.0036273533 0.0071407648 0.99996793 0.44998001
0.9999531 -0.0089734658 0.0036435885 0.92010438 0.0089988524 0.99993492 -0.0070119158 -8.3989386 -0.0035804302 0.0070443751 0.99996878 0.45188616
0.99995294 -0.0090191925 0.0035742863 0.91635191 0.0090447482 0.99993318 -0.0071994024 -8.4051225 -0.0035091147 0.0072313921 0.9999677 0.44929359
0.99995351 -0.0089813579 0.003508439 0.920798 0.0090068609 0.99993263 -0.0073221788 -8.4035489 -0.0034424396 0.0073534384 0.99996704 0.45112816
0.99995333 -0.0090053265 0.0034987826 0.91985466 0.0090309354 0.99993203 -0.0073738406 -8.4039556 -0.003432141 0.0074050937 0.99996669 0.443525
0.99995372 -0.0089180554 0.003608924 0.92085115 0.008944865 0.999932 -0.0074820342 -8.3963699 -0.0035419534 0.0075139693 0.9999655 0.44548101
0.99995233 -0.0090131299 0.0037562036 0.91726673 0.0090410373 0.99993115 -0.007480147 -8.4031068 -0.0036885254 0.0075137504 0.99996497 0.44706457
0.99995287 -0.0089556804 0.0037483234 0.92265171 0.0089839028 0.9999309 -0.0075814778 -8.3943318 -0.0036801671 0.0076147951 0.99996423 0.44607243
0.99995188 -0.0090229113 0.0038496437 0.91934484 0.0090521151 0.99992986 -0.0076373462 -8.3961445 -0.0037804626 0.0076718261 0.99996342 0.4496027
0.99995152 -0.0089932995 0.0040095 0.91998604 0.0090242276 0.99992914 -0.0077635207 -8.3955288 -0.0039393962 0.007799327 0.99996183 0.44904925
0.99994932 -0.0091127357 0.0042793861 0.92373954 0.009145714 0.99992814 -0.0077510244 -8.4044793 -0.0042084456 0.0077897696 0.9999608 0.45203711
0.99995012 -0.0090029851 0.0043253149 0.92223472 0.00903671 0.99992842 -0.007841896 -8.3952327 -0.0042544048 0.0078805914 0.9999599 0.44319707
0.99995076 -0.0089416035 0.0043038507 0.9200717 0.0089749512 0.99992936 -0.0077924195 -8.391566 -0.0042338699 0.0078306627 0.99996038 0.44741488
0.99994978 -0.0089936748 0.0044224104 0.92066118 0.009029801 0.99992546 -0.0082179461 -8.4001369 -0.0043481713 0.0082574669 0.99995645 0.44591549
0.99995015 -0.0088709205 0.0045824965 0.91854468 0.0089091955 0.99992502 -0.0084006583 -8.3873691 -0.0045076313 0.0084410659 0.99995421 0.44665744
0.99994957 -0.0089044648 0.004644395 0.91338586 0.0089428862 0.99992541 -0.0083185425 -8.3911507 -0.0045699764 0.0083596573 0.99995461 0.44618793
0.99994903 -0.0089002459 0.004767729 0.92237853 0.0089402867 0.99992438 -0.0084438852 -8.3890287 -0.0046922158 0.0084860797 0.99995298 0.44811226
0.99994929 -0.0089720371 0.0045738681 0.91842012 0.0090100269 0.99992451 -0.0083540078 -8.3944363 -0.0044985704 0.0083947949 0.99995464 0.44407558
0.99995125 -0.0088097611 0.0044596135 0.91850463 0.0088484767 0.99992268 -0.0087373993 -8.3854421 -0.0043822943 0.0087764342 0.99995188 0.44662863
0.99994886 -0.0090253572 0.0045626675 0.92534885 0.0090656583 0.99991938 -0.0088906488 -8.3963914 -0.0044820584 0.0089315577 0.99995007 0.44784388
0.99994868 -0.0090094771 0.0046326993 0.92410739 0.0090513473 0.99991765 -0.0090978614 -8.3970868 -0.0045503508 0.0091393267 0.99994788 0.44719355
0.99994941 -0.0089602939 0.0045708016 0.91983572 0.0090035885 0.99991395 -0.0095410147 -8.3984626 -0.004484918 0.0095816857 0.99994404 0.44675576
0.99995103 -0.0088070154 0.004513177 0.91377941 0.0088501257 0.99991453 -0.0096228437 -8.3864614 -0.0044280428 0.0096623147 0.99994351 0.44318735
0.99995152 -0.0087682722 0.0044800739 0.91278286 0.0088112281 0.99991452 -0.0096601708 -8.3857187 -0.0043949879 0.0096991774 0.9999433 0.4514119
0.99994884 -0.0089558521 0.0047026339 0.91586062 0.0090008857 0.99991298 -0.009644046 -8.3940176 -0.0046158541 0.0096858805 0.99994244 0.44678628
0.99995075 -0.008829166 0.0045324277 0.91410256 0.0088723175 0.99991465 -0.0095904725 -8.3907123 -0.004447365 0.0096302133 0.99994374 0.44688056
0.9999495 -0.0089048806 0.0046591024 0.91661751 0.008950507 0.99991128 -0.009865526 -8.3900248 -0.0045708377 0.009906729 0.99994048 0.44640367
0.99994959 -0.0088987523 0.0046518018 0.92100799 0.0089447132 0.99991044 -0.009954613 -8.3900463 -0.0045628016 0.0099957202 0.99993963 0.44914885
0.99995022 -0.0088075162 0.0046878811 0.91736231 0.0088544103 0.99991001 -0.010078309 -8.3892081 -0.0045986944 0.010119316 0.99993822 0.44701419
0.99995089 -0.0087863116 0.0045845135 0.91999514 0.0088318566 0.99991089 -0.01001071 -8.389431 -0.0044961477 0.010050708 0.99993938 0.4525558
0.99995023 -0.0088797282 0.0045485779 0.92061419 0.0089249435 0.99990998 -0.01001861 -8.390723 -0.0044592059 0.010058707 0.99993947 0.4533427
0.99994856 -0.0088877521 0.0048871974 0.92031401 0.0089364625 0.99990969 -0.010037111 -8.3905483 -0.0047975487 0.010080269 0.99993768 0.45494154
0.99994754 -0.008975541 0.0049362568 0.91907692 0.0090249623 0.99990844 -0.010082442 -8.3990174 -0.0048453095 0.010126463 0.99993699 0.45197861
0.999947 -0.0089308845 0.0051220973 0.91968067 0.0089832643 0.99990664 -0.010296076 -8.3939351 -0.0050296661 0.010341544 0.99993388 0.45347666
0.99994724 -0.0088028947 0.0052941698 0.92036413 0.008856807 0.99990827 -0.010247582 -8.3828956 -0.0052034758 0.010293931 0.99993348 0.45391498
0.99994643 -0.0088561702 0.0053583369 0.91795736 0.0089111084 0.99990707 -0.010317357 -8.3879211 -0.0052664667 0.010364553 0.99993242 0.44807184
0.99994558 -0.0089211894 0.0054078362 0.92161037 0.0089777634 0.99990426 -0.010529071 -8.3894136 -0.0053133866 0.010577048 0.99992994 0.45257844
0.99994406 -0.0090011565 0.0055552431 0.92069809 0.0090588374 0.9999044 -0.010446835 -8.3991812 -0.0054606785 0.010496574 0.99993 0.4524042
0.99994599 -0.0088547391 0.005441846 0.92007872 0.0089117995 0.99990461 -0.010552248 -8.3920939 -0.0053478895 0.010600175 0.99992952 0.45114201
0.99994536 -0.0089375881 0.0054214179 0.92859794 0.0089953215 0.99990208 -0.010719893 -8.3932638 -0.0053250771 0.010768075 0.99992784 0.45351019
0.99994487 -0.0089714403 0.0054571182 0.92174241 0.0090292999 0.99990229 -0.010672014 -8.3962716 -0.0053608417 0.010720699 0.99992816 0.4508399
0.99994579 -0.0088492715 0.0054877975 0.92599531 0.0089074022 0.9999035 -0.010660332 -8.3880911 -0.0053929318 0.010708636 0.99992812 0.45218344
0.99994487 -0.0089077552 0.0055589401 0.92454783 0.0089660519 0.99990413 -0.010551712 -8.3992864 -0.0054644151 0.010600972 0.99992888 0.45555761
0.99994215 -0.0090936226 0.0057445799 0.92474741 0.0091549628 0.99990038 -0.010743439 -8.4083062 -0.0056463108 0.010795409 0.99992579 0.45723205
0.99994391 -0.008916683 0.0057153299 0.92457117 0.0089771839 0.999903 -0.010648957 -8.3924235 -0.0056198221 0.010699667 0.99992696 0.44953367
0.99994506 -0.0088221491 0.0056616028 0.92512724 0.0088827406 0.99990257 -0.010767808 -8.3851026 -0.005566056 0.010817507 0.999926 0.45212571
0.99994504 -0.008850671 0.0056189779 0.92143047 0.008911296 0.99990135 -0.010857572 -8.3881669 -0.0055223268 0.010907048 0.99992527 0.44869209
0.9999455 -0.0088502522 0.0055384577 0.92572678 0.00891053 0.99990029 -0.01095514 -8.3837262 -0.0054409497 0.011003894 0.99992465 0.44750105
0.9999456 -0.0088356526 0.0055430036 0.92220803 0.0088967686 0.99989882 -0.01109976 -8.3873254 -0.0054443692 0.011148471 0.99992303 0.44836051
0.99994431 -0.0088522907 0.0057458239 0.92447386 0.0089154143 0.99989915 -0.01105497 -8.3901228 -0.0056473826 0.011105581 0.99992238 0.45261567
0.99994336 -0.0089808379 0.0057108687 0.92398906 0.0090433791 0.99989837 -0.011021385 -8.3978763 -0.005611307 0.011072407 0.99992295 0.45379538
0.99994302 -0.0089607486 0.0058025492 0.92159634 0.0090250199 0.99989715 -0.011146589 -8.4000701 -0.0057020706 0.011198322 0.99992104 0.44453463
0.99994416 -0.0088215826 0.0058183514 0.92587606 0.0088865771 0.99989733 -0.011240973 -8.3928885 -0.0057185908 0.011292051 0.99991989 0.44538118
0.9999431 -0.0089289058 0.0058370844 0.92563009 0.008994599 0.9998954 -0.011326774 -8.4004165 -0.0057353381 0.011378632 0.99991881 0.44788562
0.99994383 -0.0088354645 0.0058533441 0.92142885 0.0089014703 0.99989599 -0.011348181 -8.391009 -0.0057524688 0.011399647 0.99991848 0.44969992
0.9999429 -0.0089297942 0.0058704381 0.92181923 0.0089965516 0.99989403 -0.011445481 -8.3929108 -0.0057676102 0.011497641 0.99991727 0.4447821
0.99994337 -0.0089498346 0.0057577935 0.92448543 0.0090153192 0.99989381 -0.011449604 -8.3989529 -0.00565471 0.011500864 0.99991787 0.44237765
0.99994252 -0.008966774 0.0058775546 0.92319083 0.0090351288 0.99989063 -0.011708311 -8.3943868 -0.005771926 0.011760743 0.99991418 0.44436873
0.99994303 -0.0087813965 0.0060681937 0.92228635 0.008852092 0.9998921 -0.011723214 -8.3865834 -0.0059645927 0.011776263 0.99991287 0.4469181
0.99994293 -0.0088091453 0.0060445001 0.92633431 0.0088788993 0.99989316 -0.011611962 -8.3866161 -0.0059415628 0.011664968 0.99991431 0.44336016
0.99994242 -0.0087567819 0.0062022901 0.92020447 0.0088286698 0.99989305 -0.011659595 -8.3807927 -0.0060995262 0.011713681 0.99991279 0.44677728
0.99994267 -0.0087672022 0.0061470194 0.92234737 0.0088391862 0.99989151 -0.011782696 -8.3848802 -0.0060430513 0.011836355 0.99991169 0.44628249
0.99994352 -0.0087793808 0.0059907285 0.92542738 0.0088497725 0.9998909 -0.011826553 -8.3839898 -0.0058862451 0.011878902 0.99991212 0.44153549
0.99994098 -0.0090338931 0.0060359808 0.92653693 0.0091052774 0.99988767 -0.011905554 -8.3949971 -0.0059277492 0.01195981 0.99991091 0.44563227
0.99994094 -0.008881507 0.0062639983 0.92746355 0.0089564366 0.99988744 -0.012037094 -8.3887349 -0.0061563857 0.012092486 0.99990793 0.44242374
0.9999407 -0.0087736106 0.0064517365 0.92899539 0.008850386 0.9998892 -0.011969283 -8.3794447 -0.0063460078 0.012025674 0.99990755 0.44323034
0.99993998 -0.0088613643 0.0064429437 0.92478993 0.0089383532 0.9998878 -0.012020393 -8.3883919 -0.0063357037 0.012077261 0.99990699 0.4402519
0.99994011 -0.008894063 0.0063773046 0.92724455 0.0089697748 0.99988844 -0.011943416 -8.3881215 -0.0062703677 0.011999904 0.99990834 0.44374444
0.99993897 -0.0090380802 0.0063538931 0.92463603 0.0091142199 0.99988576 -0.012058113 -8.3962112 -0.0062441851 0.012115288 0.99990711 0.44471648
0.99994117 -0.0088610542 0.0062565408 0.92843177 0.0089360961 0.99988723 -0.012069849 -8.382959 -0.0061488836 0.012125048 0.99990758 0.44481184
0.99994016 -0.008778677 0.006527506 0.92591238 0.008857975 0.99988609 -0.012220274 -8.3787459 -0.0064194846 0.012277364 0.99990402 0.44337849
0.99994184 -0.0086821337 0.0063981389 0.9238142 0.0087604205 0.99988584 -0.012311146 -8.3705029 -0.0062905215 0.01236648 0.99990375 0.44431614
0.99994331 -0.0086465935 0.0062139745 0.92305365 0.0087222421 0.9998869 -0.012251752 -8.3747657 -0.0061073358 0.012305258 0.99990564 0.43787391
0.99994002 -0.0087826353 0.0065435391 0.92275482 0.0088622332 0.99988586 -0.012236315 -8.3739359 -0.0064353252 0.012293572 0.99990372 0.44481966
0.99994278 -0.0085646862 0.0064099894 0.91643863 0.0086436612 0.99988581 -0.012396033 -8.3678719 -0.0063030893 0.012450729 0.99990262 0.44284845
0.99994068 -0.0086982682 0.0065553471 0.9220376 0.0087776715 0.99988726 -0.012182911 -8.3679384 -0.0064486378 0.012239729 0.9999043 0.44330117
0.99993819 -0.0088476855 0.0067333628 0.92458587 0.008928402 0.99988749 -0.012053418 -8.3777632 -0.0066259604 0.012112791 0.99990468 0.45163785
0.99993917 -0.0088155165 0.0066290202 0.91590881 0.0088954465 0.9998869 -0.012126361 -8.3834787 -0.0065213703 0.012184592 0.9999045 0.44478308
0.99993874 -0.00887854 0.0066090297 0.92510966 0.0089578754 0.99988699 -0.012072879 -8.3812236 -0.0065010933 0.012131342 0.99990528 0.44154245
0.99993912 -0.008869252 0.0065652091 0.91602967 0.0089479206 0.99988734 -0.012051869 -8.3825904 -0.0064575784 0.01210988 0.99990582 0.44263366
0.99994136 -0.0085047714 0.0067044983 0.91969203 0.0085855369 0.9998898 -0.01211115 -8.3638143 -0.0066007569 0.012168001 0.99990418 0.44727325
0.99993956 -0.0086624571 0.0067707972 0.91698777 0.0087443911 0.99988775 -0.012166628 -8.3683907 -0.0066646442 0.012225099 0.99990306 0.44520621
0.99993711 -0.0088878718 0.006839587 0.92177018 0.0089713729 0.9998844 -0.012276237 -8.3864034 -0.0067296867 0.012336826 0.99990125 0.44783416
0.99993972 -0.0086497318 0.0067624159 0.92385303 0.0087312109 0.99988851 -0.012113594 -8.3694218 -0.0066568826 0.012171908 0.99990376 0.44980809
0.99993903 -0.0087802781 0.0066965397 0.92853652 0.0088597458 0.99988957 -0.01193111 -8.3727845 -0.0065910417 0.011989712 0.9999064 0.45223491
0.99993894 -0.0087432336 0.0067576119 0.92535203 0.0088237188 0.99988938 -0.011973691 -8.374211 -0.0066521756 0.012032587 0.99990548 0.45112799
0.99993932 -0.0087933258 0.0066364763 0.92766231 0.0088713325 0.99989081 -0.011817784 -8.3812661 -0.006531834 0.011875941 0.99990814 0.44440779
0.99994038 -0.0086870574 0.0066165248 0.92810925 0.0087642128 0.99989288 -0.011722692 -8.3767377 -0.0065139803 0.011779982 0.9999094 0.44634361
0.999938 -0.0088202304 0.0067967154 0.92868293 0.0088992087 0.9998922 -0.011678777 -8.3829108 -0.0066929732 0.011738538 0.9999087 0.44487115
0.99993772 -0.0088442535 0.006806919 0.92861705 0.0089217165 0.99989482 -0.011435074 -8.381318 -0.0067050683 0.011495091 0.99991145 0.44147803
0.99993646 -0.0088759047 0.0069491233 0.92908481 0.0089552217 0.99989415 -0.011467283 -8.3854781 -0.0068466052 0.011528785 0.9999101 0.44326136
0.99993618 -0.0087530097 0.0071428824 0.92536462 0.0088347893 0.99989485 -0.011499014 -8.3812769 -0.0070414804 0.011561386 0.99990837 0.4442347
0.99993431 -0.0089591366 0.0071491523 0.92787635 0.0090401378 0.99989439 -0.011379468 -8.3941456 -0.007046447 0.01144335 0.99990969 0.44505761
0.9999342 -0.0088180072 0.0073368275 0.92810883 0.0089016297 0.99989489 -0.011444139 -8.3871583 -0.0072351418 0.011508695 0.9999076 0.44212867
0.99993549 -0.0087923385 0.0071915055 0.92375842 0.0088760218 0.99989229 -0.011688456 -8.3835658 -0.007087962 0.011751534 0.99990583 0.43561337
0.99993529 -0.0088526153 0.0071445626 0.92368783 0.0089359118 0.99989148 -0.011712267 -8.3847606 -0.0070401031 0.011775353 0.99990588 0.43721235
0.99993481 -0.0088045753 0.007269664 0.9178113 0.0088903795 0.99989019 -0.011856324 -8.3869468 -0.0071644758 0.011920181 0.99990329 0.4367349
0.99993643 -0.0086742762 0.0072037416 0.91943302 0.0087595722 0.99989089 -0.011894604 -8.3800906 -0.0070997785 0.01195695 0.99990331 0.44020334
0.99993531 -0.0089218702 0.0070555798 0.92343335 0.0090054271 0.99988863 -0.011900923 -8.3937717 -0.0069486156 0.011963691 0.99990429 0.44438941
0.99993579 -0.0089103877 0.0070021965 0.92763168 0.0089933134 0.99988873 -0.011901934 -8.3895525 -0.0068953665 0.011964142 0.99990465 0.4411287
0.99993707 -0.0087430525 0.0070299151 0.92708629 0.008825448 0.99989171 -0.011776372 -8.3826325 -0.0069261924 0.011837673 0.99990594 0.44597759
0.99993697 -0.0088313015 0.0069328151 0.92526217 0.0089119624 0.99989194 -0.011691283 -8.3855899 -0.0068288166 0.011752331 0.99990762 0.44301221
0.99993581 -0.008906727 0.0070039345 0.9279945 0.0089897051 0.9998887 -0.011906496 -8.3950529 -0.006897107 0.011968695 0.99990459 0.4457214
0.99993681 -0.0087868218 0.0070122206 0.92613274 0.0088698229 0.99988992 -0.011894642 -8.3828002 -0.0069069326 0.011956087 0.99990467 0.44412243
0.99993622 -0.0088691084 0.0069927049 0.92356128 0.0089522693 0.99988849 -0.011952295 -8.3899292 -0.006885919 0.012014133 0.99990412 0.44621919
0.99993614 -0.0088257625 0.0070586589 0.92611441 0.0089101218 0.99988817 -0.012010391 -8.3873359 -0.0069518687 0.012072517 0.99990296 0.44606218
0.99993696 -0.0088386352 0.0069245364 0.92916475 0.008922173 0.99988665 -0.012127487 -8.3871849 -0.0068165611 0.012188505 0.99990248 0.44204374
0.99993605 -0.0089169839 0.0069555183 0.93063427 0.0090001376 0.99988729 -0.012016816 -8.3894995 -0.0068475806 0.012078648 0.9999036 0.44620102
0.99993828 -0.0087210934 0.0068834225 0.92640301 0.0088044957 0.99988705 -0.012180562 -8.3848563 -0.0067764172 0.012240415 0.99990212 0.44567615
0.99993785 -0.0087997789 0.0068448445 0.92592847 0.0088816941 0.99988818 -0.012030538 -8.3897331 -0.006738213 0.012090584 0.9999042 0.44453793
0.99993519 -0.0089961339 0.0069775269 0.92742792 0.0090799128 0.99988593 -0.012069689 -8.3955764 -0.0068681504 0.012132262 0.99990281 0.44274705
0.99993588 -0.0089869706 0.0068901673 0.92629739 0.0090694965 0.99988637 -0.012041147 -8.396286 -0.0067811709 0.012102865 0.99990376 0.44676602
0.99993656 -0.0088591916 0.0069568882 0.92725383 0.0089442781 0.9998844 -0.012296187 -8.3923036 -0.0068471497 0.012357632 0.9999002 0.44839978
0.99993869 -0.0086286999 0.0069402124 0.9244795 0.008713843 0.99988598 -0.012332875 -8.3750849 -0.0068330043 0.012392594 0.99989986 0.44473117
0.99993838 -0.0087276309 0.0068597149 0.91968444 0.0088129611 0.99988292 -0.012509116 -8.3814199 -0.0067497368 0.012568799 0.99989823 0.43794335
0.99993702 -0.0088162678 0.0069449984 0.92106345 0.0089034443 0.99988069 -0.01262314 -8.3793543 -0.0068328808 0.01268418 0.99989621 0.43872277
0.99993954 -0.0086952124 0.0067306351 0.92829095 0.0087789326 0.9998832 -0.012510707 -8.3797695 -0.0066210657 0.012569039 0.99989909 0.43859174
0.99993608 -0.008916913 0.0069509897 0.92852868 0.0090045599 0.99987904 -0.012681648 -8.3896419 -0.0068370678 0.012743428 0.99989542 0.44335599
0.99993857 -0.0088461388 0.0066779361 0.92851703 0.0089320316 0.99987633 -0.012943834 -8.388113 -0.0065626072 0.013002686 0.99989393 0.44189043
0.99993967 -0.0087358563 0.0066588943 0.92746718 0.0088225296 0.99987527 -0.013099861 -8.3792751 -0.0065436252 0.013157819 0.99989202 0.4391177
0.99993757 -0.0087821273 0.0069088567 0.9311311 0.0088725164 0.999874 -0.013163075 -8.3775977 -0.0067923864 0.013223552 0.99988949 0.44196004
0.99993913 -0.0087200698 0.006759347 0.92789263 0.0088090172 0.9998735 -0.013243044 -8.3719421 -0.0066430117 0.013301782 0.99988946 0.43564252
0.99993809 -0.0087636448 0.0068560001 0.92516339 0.0088534655 0.99987391 -0.013182269 -8.3776506 -0.0067396109 0.013242152 0.99988961 0.4422739
0.9999392 -0.0086599124 0.0068271699 0.92243868 0.0087509545 0.99987165 -0.013420126 -8.3730014 -0.0067100765 0.013479055 0.99988664 0.44482407
0.99994022 -0.0086838658 0.0066443007 0.9212434 0.0087731673 0.99986996 -0.013531332 -8.3710698 -0.0065259323 0.013588815 0.99988637 0.43925347
0.99993866 -0.0087249285 0.0068225094 0.92890575 0.0088159238 0.99987104 -0.013423176 -8.3724094 -0.0067045133 0.013482499 0.99988663 0.44345506
0.99993759 -0.0088987214 0.0067551305 0.92458952 0.0089890205 0.99986905 -0.013456945 -8.385202 -0.0066344962 0.013516827 0.99988663 0.44360768
0.9999368 -0.0087881652 0.0070114798 0.92310093 0.0088826068 0.99986868 -0.013554107 -8.37885 -0.0068914433 0.013615531 0.99988356 0.44673009
0.99993738 -0.0086613221 0.0070857782 0.92058439 0.0087565262 0.9998703 -0.013517107 -8.369668 -0.0069677831 0.013578307 0.99988353 0.44313529
0.99993562 -0.0087521005 0.0072226221 0.92466854 0.0088508808 0.99986616 -0.013759802 -8.3773309 -0.0071012283 0.013822843 0.99987924 0.43752902
0.99993348 -0.0088453206 0.0074027201 0.927163 0.0089466089 0.99986526 -0.01376318 -8.3815225 -0.0072799829 0.013828494 0.99987788 0.44108652
0.99993426 -0.0086598032 0.0075157002 0.92140313 0.0087622156 0.99986773 -0.013702229 -8.3726634 -0.0073960475 0.013767183 0.99987787 0.43676691
0.99993088 -0.0088341971 0.0077581999 0.92984551 0.0089392473 0.99986739 -0.013611898 -8.3833181 -0.0076369209 0.013680309 0.99987726 0.43968967
0.9999315 -0.0087837316 0.0077352357 0.92509561 0.008887604 0.9998694 -0.013498075 -8.3796387 -0.007615662 0.013565898 0.99987898 0.44358342
0.99993317 -0.0087246752 0.0075849504 0.92745996 0.0088278328 0.99986752 -0.013674905 -8.3743279 -0.0074646364 0.01374095 0.99987773 0.44159166
0.99993419 -0.0086622741 0.0075221967 0.92120524 0.0087645122 0.99986819 -0.013666628 -8.3727688 -0.0074028212 0.013731657 0.99987831 0.44234279
0.9999319 -0.00891378 0.0075332487 0.93103358 0.0090164008 0.9998655 -0.013700021 -8.3896426 -0.0074101165 0.013767011 0.99987777 0.44274646
0.99993274 -0.0087197441 0.0076477187 0.92963669 0.008822801 0.99986931 -0.013546926 -8.3718238 -0.0075285935 0.013613489 0.99987899 0.44203991
0.99993159 -0.0088198052 0.0076833917 0.92845435 0.0089239021 0.99986741 -0.013621045 -8.3810649 -0.0075622379 0.013688679 0.99987771 0.43974898
0.99993168 -0.0088672362 0.007616731 0.92932087 0.0089716024 0.99986481 -0.013779127 -8.38146 -0.0074935185 0.01384652 0.99987605 0.43911796
0.9999314 -0.0088448026 0.0076792895 0.92669005 0.0089511754 0.99986291 -0.013929838 -8.3817423 -0.00755503 0.013997622 0.99987349 0.43691714
0.99992992 -0.0088706805 0.007840635 0.92831051 0.0089796646 0.99986201 -0.013975762 -8.3837989 -0.0077155786 0.014045188 0.99987159 0.44211364
0.9999301 -0.0087396273 0.0079637737 0.92096482 0.0088507464 0.99986245 -0.01402633 -8.3817025 -0.0078400934 0.014095835 0.99986991 0.43990985
0.99993035 -0.0086252636 0.008055785 0.92543569 0.0087390503 0.99986101 -0.014198103 -8.3685714 -0.0079322029 0.014267514 0.99986675 0.43608832
0.99992978 -0.0086835515 0.0080644755 0.92282891 0.0087993643 0.99985705 -0.014438168 -8.3760668 -0.0079379481 0.014508117 0.99986324 0.43629163
0.99993124 -0.008707089 0.0078556089 0.92673992 0.0088198895 0.99985683 -0.014440722 -8.373011 -0.0077287475 0.014509015 0.99986487 0.43144444
0.99993104 -0.0086849205 0.0079047148 0.92470232 0.0087988274 0.99985628 -0.014491135 -8.3709415 -0.0077777244 0.014559688 0.99986375 0.43214453
0.99993261 -0.0085225198 0.0078833313 0.921942 0.0086371644 0.99985575 -0.01462477 -8.3607954 -0.0077575542 0.014691874 0.99986198 0.43494091
0.99992947 -0.0087475121 0.0080329349 0.92466665 0.0088650068 0.99985251 -0.014709389 -8.3793734 -0.0079030796 0.014779564 0.99985954 0.43310314
0.99992994 -0.0087971448 0.0079199776 0.92510079 0.0089135482 0.99985098 -0.014784122 -8.3781599 -0.0077887393 0.014853681 0.99985934 0.43318768
0.99993293 -0.0085212255 0.0078440042 0.92309542 0.0086374764 0.99985157 -0.014907751 -8.3625823 -0.0077158076 0.014974503 0.99985811 0.42790613
0.9999301 -0.0086367421 0.0080748882 0.92445939 0.0087565947 0.99985024 -0.014927006 -8.3685668 -0.0079447583 0.014996671 0.99985598 0.43026627
0.99992891 -0.0087398824 0.0081108734 0.92198087 0.0088590284 0.99985164 -0.014771882 -8.3768431 -0.0079805656 0.014842687 0.99985799 0.43278608
0.99992755 -0.0086912143 0.0083277693 0.92607158 0.0088136511 0.99985192 -0.014780096 -8.3674542 -0.0081980791 0.014852424 0.99985609 0.43819383
0.99992772 -0.0086419087 0.008358622 0.9224187 0.0087653187 0.99985143 -0.014842215 -8.3690842 -0.0082291151 0.014914408 0.99985491 0.43628837
0.99992675 -0.0087333857 0.0083804105 0.9262505 0.0088556312 0.99985328 -0.014662532 -8.3722973 -0.0082511274 0.014735672 0.99985738 0.43692809
0.99992608 -0.0086758283 0.0085183677 0.92935425 0.0087999428 0.99985407 -0.014642489 -8.3696019 -0.0083900889 0.014716368 0.99985651 0.43886573
0.99992678 -0.0086012646 0.0085121409 0.92539886 0.008723033 0.99985865 -0.014373045 -8.3677152 -0.0083873114 0.014446244 0.99986047 0.43321178
0.99992495 -0.0087401177 0.0085849656 0.92367426 0.008863127 0.99985708 -0.014396479 -8.3723049 -0.0084579118 0.014471489 0.99985951 0.43563347
0.99992523 -0.0088305456 0.0084587201 0.92714961 0.0089524306 0.99985506 -0.014481567 -8.3765112 -0.0083296139 0.014556211 0.99985936 0.43524678
0.999926 -0.0087154406 0.0084874063 0.92232886 0.0088359528 0.99985919 -0.014266499 -8.3702658 -0.0083618723 0.014340437 0.99986221 0.43703198
0.99992414 -0.0088574402 0.00855922 0.93099538 0.0089790086 0.99985785 -0.014270723 -8.3794392 -0.0084316013 0.014346493 0.99986153 0.43877838
0.9999256 -0.0086654711 0.0085853562 0.92545262 0.0087870745 0.99986015 -0.014229058 -8.3665411 -0.008460854 0.01430344 0.9998619 0.43379622
0.99992498 -0.0086237571 0.0086988318 0.92576087 0.0087495523 0.99985618 -0.014528288 -8.3648047 -0.0085722923 0.014603309 0.99985662 0.44113295
0.9999248 -0.0086521951 0.0086908024 0.92472679 0.0087784384 0.99985496 -0.014594523 -8.3658796 -0.0085632673 0.014669717 0.99985572 0.43651592
0.9999239 -0.0087521882 0.0086949423 0.92378625 0.008878712 0.99985369 -0.014620996 -8.3711044 -0.0085657044 0.014697083 0.9998553 0.43275364
0.99992221 -0.0089311332 0.0087070346 0.92353268 0.0090571599 0.99985321 -0.01454377 -8.3899364 -0.0085758642 0.0146215 0.99985632 0.43852382
0.99992328 -0.0086231652 0.0088922672 0.92488644 0.0087507202 0.99985792 -0.014406771 -8.362496 -0.0087667719 0.014483479 0.99985668 0.43721836
0.99992307 -0.0087421536 0.0087996002 0.92147695 0.0088689301 0.99985593 -0.014472669 -8.3717197 -0.0086718102 0.014549599 0.99985654 0.43757268
0.99992299 -0.0087721558 0.0087781427 0.92521609 0.0089001379 0.9998531 -0.014648351 -8.3769874 -0.0086483556 0.01472535 0.99985417 0.43286742
0.99992061 -0.0089099424 0.0089098119 0.92648053 0.0090402391 0.9998512 -0.014692214 -8.3812366 -0.0087775793 0.014771594 0.99985237 0.43537217
0.99992271 -0.0086092972 0.0089697019 0.92430059 0.0087394513 0.9998556 -0.014573701 -8.3683763 -0.0088429374 0.014650965 0.99985357 0.43958588
0.99991908 -0.0089693075 0.0090211537 0.92347644 0.0090990918 0.99985419 -0.014450025 -8.3950477 -0.0088902316 0.01453094 0.9998549 0.44013863
0.99992154 -0.0087552208 0.0089587142 0.92359761 0.0088831248 0.99985774 -0.014338276 -8.3774462 -0.008831905 0.014416732 0.99985707 0.43691414
0.99992324 -0.0087641254 0.0087584362 0.91942524 0.0088891267 0.99985771 -0.014336574 -8.378592 -0.0086315425 0.014413328 0.99985887 0.43594146
0.99992349 -0.0087778356 0.0087162294 0.92354187 0.0089023712 0.99985736 -0.014353287 -8.377915 -0.0085889953 0.014429783 0.999859 0.43571551
0.99992468 -0.0087337723 0.0086230756 0.92133721 0.0088572028 0.99985736 -0.014381085 -8.3780471 -0.0084962444 0.014456379 0.9998594 0.43486962
0.99992378 -0.0087837535 0.0086766135 0.924319 0.0089076622 0.9998574 -0.014346883 -8.3811209 -0.0085493568 0.014423077 0.99985943 0.43563238
0.99992523 -0.0087176807 0.0085756217 0.92031966 0.0088417491 0.99985523 -0.014537652 -8.3805169 -0.0084476456 0.014612388 0.99985755 0.42992152
0.99992186 -0.0088959777 0.0087822399 0.92997129 0.0090230498 0.99985362 -0.014537221 -8.3883243 -0.0086516315 0.014615328 0.99985576 0.43998669
0.9999257 -0.0085483042 0.008689744 0.92454514 0.0086752745 0.9998546 -0.014680375 -8.3696345 -0.0085629883 0.01475467 0.99985448 0.43746488
0.99992404 -0.0087189697 0.008711376 0.92513547 0.0088468126 0.99985213 -0.014746254 -8.3770096 -0.0085815157 0.014822202 0.99985332 0.4371781
0.99992474 -0.0086483894 0.0087020699 0.92249461 0.008775165 0.99985436 -0.014637288 -8.3755514 -0.0085742135 0.014712549 0.999855 0.4383237
0.99992556 -0.0086220894 0.0086328556 0.91714613 0.0087480771 0.99985421 -0.014664164 -8.3725923 -0.0085051613 0.014738594 0.99985521 0.43662421
0.99992607 -0.0086426567 0.0085530166 0.92665068 0.0087678185 0.99985342 -0.014705975 -8.3704592 -0.0084246642 0.014779879 0.99985528 0.43673837
0.99992399 -0.0088260471 0.0086085156 0.92543126 0.0089534744 0.99984923 -0.014877996 -8.3809341 -0.0084759038 0.014953941 0.99985226 0.43758772
0.99992628 -0.0087020583 0.0084680907 0.92665822 0.0088269657 0.99985112 -0.014826517 -8.3705369 -0.0083378088 0.014900172 0.99985422 0.43347918
0.99992707 -0.0087452585 0.0083286602 0.92373211 0.0088670269 0.99985267 -0.014697468 -8.3697112 -0.0081989 0.014770247 0.9998573 0.43818966
0.99992572 -0.0087492715 0.0084850504 0.92504205 0.0088747042 0.99985021 -0.014859555 -8.3758728 -0.0083537691 0.014933754 0.99985359 0.43823467
0.99992721 -0.0087116103 0.0083470139 0.92616596 0.0088346656 0.99985114 -0.014820763 -8.371817 -0.0082166586 0.014893427 0.99985533 0.43652885
0.99992605 -0.0087546959 0.008440604 0.9281532 0.008879849 0.99984947 -0.014905836 -8.3737186 -0.0083088374 0.014979685 0.99985328 0.43900443
0.99992458 -0.0088129645 0.0085542214 0.92715481 0.008937963 0.99985221 -0.014685942 -8.3763152 -0.0084235305 0.014761291 0.99985556 0.43838504
0.99992226 -0.0088980708 0.0087348982 0.92700328 0.009027306 0.9998487 -0.014869053 -8.3835413 -0.0086012707 0.01494675 0.9998513 0.44208394
0.99992249 -0.0087441768 0.008862886 0.92779566 0.0088794246 0.99984295 -0.015337306 -8.3767574 -0.0087273819 0.015414814 0.9998431 0.44286807
0.99991888 -0.0087385145 0.0092671211 0.93501015 0.0088889773 0.99982729 -0.016321245 -8.370226 -0.0091228971 0.016402297 0.99982385 0.45395014
0.99990942 -0.0085319935 0.010409566 0.94447033 0.0087146706 0.99980657 -0.017631681 -8.3610584 -0.010257119 0.0177208 0.99979036 0.49544956
0.99989612 -0.0084807523 0.011654148 0.96086631 0.0086921991 0.99979632 -0.018214225 -8.359256 -0.011497304 0.018313634 0.99976618 0.54207921
0.99988766 -0.0085415727 0.012316868 0.98309007 0.0087675691 0.99979203 -0.018412783 -8.3701794 -0.012157032 0.018518703 0.9997546 0.57857251
0.9998737 -0.0083786396 0.013504806 1.0033444 0.008635607 0.9997806 -0.019083204 -8.3596708 -0.013341952 0.019197416 0.99972669 0.62789579
0.99983096 -0.0082299124 0.016441159 1.0445902 0.0085566762 0.99976527 -0.019904262 -8.3597167 -0.016273489 0.020041579 0.9996667 0.75860393
0.99981441 -0.008425686 0.017324926 1.0728158 0.0087786117 0.99975342 -0.020396859 -8.3828898 -0.017148796 0.020545163 0.99964184 0.78634323
0.99981789 -0.0079724855 0.017338447 1.0953825 0.0083314511 0.99975038 -0.020730717 -8.3679618 -0.017168844 0.020871397 0.99963474 0.79071446
0.9998146 -0.0079141556 0.017553887 1.1143141 0.0082826066 0.9997448 -0.021017287 -8.3868066 -0.017383073 0.021158783 0.999625 0.79882505
0.9997967 -0.0078477328 0.018573657 1.1384418 0.0082327474 0.99975092 -0.020744197 -8.3960126 -0.018406236 0.020892892 0.99961227 0.83252244
0.99979303 -0.0079373027 0.018732162 1.1606314 0.0083246694 0.99975123 -0.020692664 -8.4076282 -0.018563258 0.02084432 0.99961038 0.83024046
0.99978758 -0.00805478 0.018971201 1.1968775 0.0084406614 0.99975731 -0.020348912 -8.4309519 -0.018802691 0.020504719 0.99961293 0.84139782
0.99978638 -0.0078995715 0.019099578 1.2203087 0.0082922732 0.99975403 -0.020569741 -8.4479281 -0.018932388 0.020723726 0.99960597 0.85053093
0.99977519 -0.008104078 0.019593402 1.2446599 0.0085087189 0.9997504 -0.020657503 -8.479505 -0.019421102 0.020819574 0.9995946 0.85937423
0.99977782 -0.0082029639 0.019416885 1.2652136 0.0086067094 0.99974657 -0.020802113 -8.5038605 -0.019241326 0.020964607 0.99959505 0.84694124
0.99977095 -0.008184778 0.019775254 1.2918187 0.0085957887 0.99974693 -0.020789277 -8.5254008 -0.019600093 0.020954499 0.99958829 0.86951142
0.9997635 -0.0084728127 0.020028966 1.3298315 0.0088981876 0.9997347 -0.021245148 -8.5671595 -0.019843647 0.021418345 0.99957365 0.8782709
0.99974642 -0.0084869857 0.020858274 1.3598311 0.0089401536 0.99972391 -0.021729701 -8.5960497 -0.020668096 0.021910667 0.99954627 0.90071689
0.99974873 -0.0083959077 0.020784038 1.3748264 0.0088538269 0.9997179 -0.022039176 -8.6139931 -0.020593136 0.022217656 0.99954104 0.89111808
0.9997234 -0.0078334084 0.022175898 1.3944631 0.0083299333 0.99971467 -0.022387185 -8.6154849 -0.021994202 0.022565716 0.9995034 0.92920228
0.99973296 -0.0076050078 0.021821496 1.4063588 0.0080757998 0.99973476 -0.021568301 -8.6496585 -0.021651681 0.021738767 0.9995292 0.89071299
0.99976986 -0.0071030062 0.020242653 1.399498 0.0075010865 0.99977863 -0.019657823 -8.6616525 -0.020098542 0.019805141 0.99960182 0.80434537
0.99981126 -0.0068423055 0.018183223 1.4030871 0.0071704107 0.99981154 -0.01804088 -8.6839011 -0.018056355 0.018167856 0.99967189 0.7244293
0.99984719 -0.0066285395 0.016176024 1.4159989 0.0069127329 0.99982162 -0.017576596 -8.7242105 -0.016056631 0.01768573 0.99971466 0.64670327
0.99984695 -0.0061170567 0.016390717 1.4328475 0.0064051143 0.99982494 -0.017579957 -8.7426835 -0.01628031 0.01768225 0.9997111 0.65413728
0.99984412 -0.0056161413 0.016739079 1.4525516 0.0059004307 0.99983837 -0.016982857 -8.7635031 -0.016640995 0.017078977 0.99971565 0.66242778
0.99983236 -0.0046937654 0.017697966 1.4669607 0.0050119558 0.99982583 -0.017977647 -8.7643349 -0.017610501 0.018063335 0.99968174 0.67529301
0.99978093 -0.0044640905 0.020448925 1.5081051 0.0048316437 0.99982703 -0.017960207 -8.8013071 -0.020365212 0.018055074 0.99962957 0.7778267
0.99973327 -0.003745302 0.022789496 1.5376785 0.0041671649 0.99982032 -0.01849204 -8.8065146 -0.022716143 0.018582076 0.99956925 0.85303983
0.99973149 -0.002702331 0.023013854 1.5578393 0.003140312 0.99981424 -0.019016364 -8.8314836 -0.022958191 0.019083529 0.99955427 0.86233325
0.99972773 -0.0019704746 0.023250382 1.5686299 0.0024332947 0.99979912 -0.019894446 -8.8594343 -0.02320651 0.019945604 0.99953171 0.83159137
0.99970461 -0.00089084462 0.024288016 1.5946315 0.0013487808 0.99982152 -0.018844551 -8.8724701 -0.024266893 0.018871743 0.99952738 0.85283307
0.9997055 0.0003651964 0.024264846 1.5896587 6.6886909e-05 0.9998415 -0.017803769 -8.8726735 -0.024267502 0.017800149 0.99954702 0.82274321
0.99974935 0.0014407002 0.022342054 1.5399291 -0.0010926263 0.99987797 -0.015583703 -8.9039033 -0.022361779 0.015555386 0.99962892 0.74280576
0.99981424 0.0022314136 0.019144449 1.5002937 -0.0019310035 0.99987495 -0.015695918 -8.9617131 -0.019177079 0.015656034 0.99969352 0.63025309
0.99984082 0.0030852341 0.017573248 1.519331 -0.00277672 0.99984207 -0.017553323 -8.9934782 -0.017624629 0.017501733 0.99969148 0.59097329
0.99984731 0.003334317 0.017153158 1.5246523 -0.0030292967 0.99983738 -0.017777514 -9.0554409 -0.017209645 0.017722838 0.99969482 0.57488673
0.99985688 0.0035811553 0.016534953 1.5347558 -0.0032936037 0.99984344 -0.017385135 -9.1023195 -0.016594623 0.017328187 0.99971213 0.59353438
0.99985462 0.0039045117 0.016597826 1.5345241 -0.0035991065 0.9998244 -0.018390525 -9.1549148 -0.016666718 0.018328114 0.9996931 0.56582556
0.99985552 0.0038816441 0.016549151 1.5459353 -0.0035816969 0.99982948 -0.018115905 -9.2159187 -0.016616649 0.018054014 0.99969892 0.5603183
0.99986597 0.0038052653 0.015923736 1.5564973 -0.0035316873 0.99984629 -0.017173512 -9.2696194 -0.015986638 0.017114973 0.99972571 0.58025154
0.999872 0.004047513 0.0154788 1.5646051 -0.0037671509 0.9998291 -0.018099111 -9.3282181 -0.015549411 0.018038484 0.99971637 0.588686
0.99984271 0.0042263636 0.017224784 1.5675523 -0.0039314957 0.99984577 -0.01711687 -9.3768578 -0.01729447 0.017046459 0.99970512 0.5896983
0.99988357 0.0037309666 0.014796083 1.5766201 -0.0035298419 0.99990134 -0.013596004 -9.4325664 -0.01484535 0.013542193 0.99979809 0.57369637
0.99990349 0.0033626256 0.013479902 1.5972012 -0.003145652 0.99986568 -0.016085099 -9.5271859 -0.013532179 0.016041144 0.99977976 0.55167382
0.99990286 0.0037909984 0.013412461 1.6204955 -0.0035508332 0.99983375 -0.017884849 -9.5741532 -0.013478033 0.017835486 0.99975009 0.53102282
0.9998753 0.0038855332 0.015306137 1.6551301 -0.0035546592 0.99976069 -0.021585294 -9.6425931 -0.015386344 0.021528195 0.99964984 0.51545334
0.99983679 0.0038664665 0.017647942 1.6773396 -0.0034936938 0.99977116 -0.021104907 -9.6927605 -0.017725505 0.021039806 0.99962149 0.54842957
0.99981168 0.0040675023 0.018975452 1.6990543 -0.0037067692 0.99981248 -0.019007106 -9.7364399 -0.019049205 0.018933189 0.99963927 0.56565465
0.99984986 0.0048884016 0.016624017 1.716232 -0.0045526292 0.99978607 -0.02017624 -9.7776186 -0.01671909 0.020097528 0.99965822 0.52128886
0.99986472 0.0047282265 0.01575394 1.7386826 -0.0043848036 0.99975355 -0.021762861 -9.8697774 -0.015852958 0.021690839 0.99963903 0.48547958
0.99988955 0.0048542085 0.014047172 1.7421359 -0.0045540894 0.99976236 -0.021318781 -9.9433218 -0.014147319 0.021252455 0.99967404 0.42479116
0.999882 0.0045410298 0.014675317 1.7412949 -0.0042284487 0.99976502 -0.021261075 -10.028628 -0.014768416 0.021196512 0.99966625 0.41850781
0.99984634 0.0047985784 0.016860323 1.761495 -0.0044318601 0.99975425 -0.021720823 -10.077012 -0.016960409 0.021642762 0.9996219 0.44730598
0.999756 0.0050639192 0.021500953 1.7955365 -0.0045799821 0.99973641 -0.022497599 -10.132699 -0.021609211 0.022393636 0.99951567 0.53590612
0.99968336 0.005239574 0.024611475 1.8451623 -0.0046680061 0.99971939 -0.023223955 -10.199897 -0.024726252 0.023101715 0.9994273 0.5710527
0.99964572 0.005027286 0.026137267 1.8835573 -0.0044667539 0.99975973 -0.021460035 -10.269763 -0.026238873 0.021335683 0.99942799 0.57063993
0.99967474 0.004791038 0.025049306 1.9083574 -0.004315842 0.99981036 -0.018990195 -10.345768 -0.025135539 0.018875909 0.99950583 0.54413323
0.99974073 0.0052723373 0.022151004 1.9010499 -0.0048852935 0.99983509 -0.017490898 -10.425632 -0.022239569 0.017378149 0.99960162 0.47731771
0.99978993 0.0051856054 0.019829344 1.9115659 -0.0048568522 0.99985056 -0.016591498 -10.498726 -0.019912418 0.016491705 0.9996657 0.41936321
0.99982847 0.0052196114 0.017770211 1.9374594 -0.0049248412 0.99985022 -0.016591429 -10.579127 -0.01785415 0.016501067 0.99970443 0.394719
0.99983142 0.0053731277 0.01755731 1.9493378 -0.005072148 0.99984019 -0.017142498 -10.663098 -0.017646613 0.017050554 0.99969889 0.37871465
0.99982463 0.0052902057 0.017964236 1.9776934 -0.0049792909 0.9998378 -0.017308276 -10.739178 -0.018052887 0.017215792 0.99968881 0.36484543
0.99971675 0.0057760595 0.023088195 1.1796685 -0.005390136 0.9998453 -0.016742611 -10.895221 -0.02318133 0.01661342 0.99959323 0.40201492
0.9996348 0.0056959457 0.026416432 1.198785 -0.0052580276 0.9998481 -0.016617429 -10.977895 -0.026507071 0.016472462 0.9995129 0.43159922
0.99957959 0.0055683701 0.028453988 1.225512 -0.0050995865 0.99985051 -0.016521234 -11.068637 -0.028541731 0.016369185 0.99945856 0.42398977
0.99957169 0.005583834 0.028727126 1.2233057 -0.005155857 0.99987494 -0.014950572 -11.137137 -0.028807014 0.014796056 0.99947548 0.40916592
0.99956008 0.0054013206 0.029162846 1.2422246 -0.0050177712 0.99990016 -0.013209188 -11.228491 -0.029231281 0.013057045 0.99948739 0.40020186
0.99951314 0.0056279819 0.030688809 1.2400212 -0.0052696753 0.99991715 -0.011743887 -11.303456 -0.030752361 0.011576449 0.99945999 0.39626746
0.99949334 0.0053877755 0.031369395 1.2601147 -0.0049992892 0.99991 -0.012449538 -11.40537 -0.031433647 0.012286405 0.99943032 0.36458636
0.99954485 0.0049630844 0.029756551 1.2696345 -0.0046134854 0.99991967 -0.011805807 -11.499416 -0.029812753 0.011663152 0.99948745 0.35810805
0.99957508 0.0048259485 0.028746793 1.2741745 -0.0045144557 0.9999305 -0.010890803 -11.614251 -0.028797353 0.010756399 0.99952739 0.330465
0.99952354 0.0058365698 0.030308749 1.2921696 -0.0054465309 0.9999015 -0.012935506 -11.699238 -0.030381263 0.012764265 0.99945688 0.31251364
0.99927972 0.0069040786 0.037314417 1.3236176 -0.0063627246 0.99987306 -0.014607237 -11.790481 -0.03741053 0.014359294 0.99919681 0.32147197
0.99922042 0.0083570441 0.038583737 1.3334717 -0.0077024853 0.99982442 -0.017082227 -11.892218 -0.038719719 0.016771719 0.99910935 0.29951434
0.99938627 0.0078883045 0.034130086 1.3270683 -0.0074774776 0.99989825 -0.012148035 -11.994775 -0.03422244 0.011885372 0.99934357 0.27548283
0.99957903 0.0079494753 0.02790276 1.31931 -0.0076847 0.99992455 -0.0095836555 -12.111106 -0.02797684 0.0093651968 0.9995647 0.23147796
0.99968688 0.008115006 0.02367058 1.3017089 -0.0079239675 0.99993536 -0.0081533759 -12.24059 -0.023735214 0.007963258 0.99968656 0.21891297
0.99967545 0.0082677713 0.024096605 1.324007 -0.0080542412 0.99992756 -0.008945045 -12.368854 -0.024168814 0.008748062 0.99966962 0.19841303
0.99967933 0.0092390203 0.023577014 1.3392619 -0.0089888031 0.99990239 -0.010696768 -12.498239 -0.02367354 0.010481409 0.9996648 0.17448256
0.99972277 0.0091969635 0.021675049 1.3385563 -0.008971425 0.99990484 -0.010479811 -12.642646 -0.021769369 0.01028245 0.99971014 0.16334659
0.99977042 0.0085473791 0.01964834 1.3507903 -0.0083432853 0.99991063 -0.01044594 -12.763464 -0.01973587 0.01027961 0.99975238 0.13749202
0.99982223 0.008904195 0.016619889 1.3461119 -0.0087406308 0.99991291 -0.0098883049 -12.884337 -0.016706489 0.0097412788 0.99981298 0.15686842
0.99984601 0.0091924144 0.014948665 1.353383 -0.0090604622 0.9999196 -0.0088709218 -13.011394 -0.015029008 0.0087341139 0.99984891 0.17793515
0.99985445 0.009297464 0.014305372 1.3753143 -0.009160762 0.99991203 -0.0095920238 -13.146134 -0.014393295 0.0094595796 0.99985166 0.16455462
0.99986436 0.0096686773 0.0133335 1.3891717 -0.0095415459 0.99990872 -0.0095656202 -13.289758 -0.01342477 0.0094371005 0.99986535 0.15606364
0.99985377 0.010165797 0.013751394 1.3949338 -0.010017933 0.99989172 -0.010779095 -13.427279 -0.013859483 0.010639759 0.99984734 0.13462571
0.99986815 0.0097005539 0.013022135 1.4060536 -0.009553273 0.99989023 -0.011324999 -13.527948 -0.013130564 0.011199102 0.99985107 0.1267019
0.99986975 0.010145619 0.012551658 1.4239937 -0.010002341 0.9998847 -0.011425612 -13.645644 -0.012666131 0.011298578 0.99985595 0.12026897
0.99987377 0.010205007 0.012178321 1.4273024 -0.010063187 0.99988149 -0.011650295 -13.754818 -0.012295769 0.011526271 0.99985797 0.11203535
0.99986462 0.010804026 0.012410282 1.4326354 -0.010663235 0.99987867 -0.011355384 -13.882358 -0.01253146 0.011221513 0.99985851 0.1117572
