1 0 0 -0.5 0 1 0 0 0 0 1 0
0.99999952 -6.7709816e-05 -0.00097850234 -0.014462586 7.0614903e-05 0.99999559 0.0029691824 0.11727837 0.00097829698 -0.00296925 0.99999511 -0.19578882
0.99999929 -0.00029762729 -0.0011574324 -0.014338748 0.00029734013 0.99999992 -0.00024826259 0.037599793 0.0011575062 0.00024791826 0.9999993 -0.15566089
0.99999908 -0.00059179369 -0.001218208 -0.010979215 0.00058639472 0.99999003 -0.0044274872 0.035275219 0.0012208161 0.0044267688 0.99998946 -0.099619534
0.99999874 0.00086306339 -0.0013300422 -0.019908148 -0.00085806182 0.99999258 0.0037564493 0.23470652 0.0013332744 -0.0037553033 0.99999206 -0.027167488
0.99999888 0.001100178 -0.001010396 -0.018002154 -0.0010968994 0.99999415 0.0032397214 0.18898585 0.0010139544 -0.0032386095 0.99999424 -0.070698051
0.99999493 0.00093474914 0.0030428402 -0.040981112 -0.00091930951 0.99998672 -0.0050715342 0.23333713 -0.0030475404 0.0050687112 0.99998251 0.27329238
0.99999737 0.00056203653 -0.0022229655 -0.0010689488 -0.00057736064 0.99997604 -0.0068989203 0.081512791 0.0022190348 0.0069001856 0.99997373 -0.23674355
0.99999207 -7.5279684e-05 -0.0039828363 -0.018890848 0.0001107295 0.99996038 0.0089011742 0.14939982 0.0039820085 -0.0089015446 0.99995245 -0.19968907
0.9999973 -0.00026175413 0.0023073304 -0.009051871 0.0002667371 0.99999763 -0.0021595826 0.056708373 -0.0023067596 0.0021601922 0.99999501 0.22814387
0.99999964 -0.0007889028 0.00031807705 -0.030568455 0.00078937593 0.99999858 -0.0014901089 0.035907996 -0.00031690105 0.0014903594 0.99999884 0.05601966
0.99999889 -0.0013377093 -0.00066350233 -0.046955957 0.001337039 0.9999986 -0.0010096479 0.021555322 0.00066485201 0.0010087597 0.99999927 0.085367926
0.99999951 -0.00064488021 -0.00075515958 0.024023469 0.00064184911 0.99999176 -0.004007243 0.010128309 0.00075773755 0.0040067563 0.99999169 -0.024536121
0.99999946 -0.00098728599 -0.00031039407 -0.018030239 0.00098732817 0.9999995 0.00013577883 0.037167889 0.00031025986 -0.00013608522 0.99999994 -0.02251322
0.99999994 0.00019988069 0.0002755006 -0.034359286 -0.00020047206 0.99999767 0.0021481913 0.10273251 -0.00027507058 -0.0021482464 0.99999765 -0.015650532
0.99999994 0.00012330296 -0.00032320536 -0.012293375 -0.00012261686 0.99999774 0.0021219389 0.11112486 0.00032346627 -0.0021218991 0.9999977 -0.087156465
0.9999997 -0.00024153845 0.00073699682 -0.014308354 0.00024048457 0.99999895 0.001429711 0.081849014 -0.00073734138 -0.0014295334 0.99999871 -0.053435159
0.9999999 -0.00012878662 0.00042881846 -0.010473019 0.00012813346 0.99999883 0.0015228205 0.078066121 -0.00042901408 -0.0015227654 0.99999875 0.023432773
0.99999765 -0.00049887559 0.0021085144 -0.028557018 0.00049543801 0.99999855 0.0016305367 0.076644875 -0.0021093247 -0.0016294882 0.99999645 0.21773509
0.99999845 -0.00085887482 0.0015396624 0.02319345 0.00086221974 0.99999727 -0.0021731572 -0.001561524 -0.0015377918 0.0021744814 0.99999645 0.11115554
0.99999959 -0.00073900619 -0.00052254839 -0.016291866 0.00073851076 0.99999928 -0.00094765152 0.007330346 0.00052324833 0.00094726523 0.99999941 -0.1937951
0.99999948 -0.0010174922 -4.6178122e-05 0.0043061417 0.0010175368 0.99999901 0.0009763041 -0.0001712324 4.5184694e-05 -0.00097635058 0.99999952 0.015616542
0.99999946 -0.00098623066 -0.00033700073 0.0059353548 0.00098653369 0.99999911 0.00090022108 0.01740913 0.0003361126 -0.00090055305 0.99999954 -0.015703155
0.99999991 -0.00040766151 -7.9514583e-05 -0.021939311 0.00040765464 0.99999991 -8.6442266e-05 0.046249914 7.9549815e-05 8.6409844e-05 0.99999999 -0.04792405
0.99999998 -5.8378159e-05 -0.00021416899 0.0035147004 5.8330238e-05 0.99999997 -0.00022375413 0.09553919 0.00021418204 0.00022374163 0.99999995 0.032157752
0.99999996 -0.00023053313 0.00014823486 -0.0096060514 0.00023053094 0.99999997 1.4812866e-05 0.084886207 -0.00014823827 -1.4778693e-05 0.99999999 0.084357307
0.99999988 2.0925267e-05 0.00048935627 -0.019118181 -1.9995211e-05 0.99999819 -0.0019004985 0.097597864 -0.00048939515 0.0019004885 0.99999807 0.062884024
0.99999997 -3.3675221e-05 -0.0002460337 -0.0035858324 3.3542861e-05 0.99999985 -0.00053795665 0.078167394 0.00024605178 0.00053794838 0.99999983 -0.055431332
0.99999919 -1.0641627e-05 -0.0012744172 -0.0062573479 1.027393e-05 0.99999996 -0.00028852752 0.10114519 0.0012744203 0.00028851419 0.99999915 -0.021626396
0.99999983 -0.00026272566 -0.00051247554 -0.011603111 0.00026203091 0.99999905 -0.0013552663 0.070833823 0.00051283112 0.0013551317 0.99999895 0.0035183776
0.99999984 -0.00010445887 -0.00054953223 -0.012810752 0.00010418777 0.99999987 -0.00049332155 0.085709417 0.00054958369 0.00049326422 0.99999973 -0.049422897
0.99999994 -0.00030418269 -0.00018635931 6.4397301e-06 0.0003041894 0.99999995 3.6002633e-05 0.058193157 0.00018634835 -3.6059319e-05 0.99999998 -0.013654854
0.99999979 -4.7174494e-06 0.00064744367 -0.0012581593 3.9637042e-06 0.99999932 0.0011641829 0.086590525 -0.00064744872 -0.0011641801 0.99999911 0.005798902
0.99999936 -0.00055734204 0.00098610391 -0.0033953312 0.00055634457 0.99999933 0.0010115133 0.058074011 -0.00098666701 -0.001010964 0.999999 0.035621419
0.99999962 -0.00015378103 0.00086112733 -0.0019784251 0.00015319398 0.99999976 0.00068173789 0.06581258 -0.00086123196 -0.00068160571 0.9999994 0.026353535
0.99999859 -0.00056595296 0.0015836194 -0.0088148125 0.00056424063 0.99999926 0.0010815091 0.050603804 -0.0015842303 -0.001080614 0.99999816 0.091947177
0.99999782 -0.00083788696 0.0019138497 0.021193863 0.00083566107 0.99999897 0.0011635514 0.032212931 -0.0019148227 -0.0011619495 0.99999749 0.11344692
0.99999937 -0.00091250812 0.00064791039 0.0038258245 0.00091360625 0.99999814 -0.0016966222 0.0021387923 -0.00064636101 0.0016972131 0.99999835 0.086836198
0.99999938 -0.00051297479 -0.0009900749 -0.013987366 0.00051177413 0.99999913 -0.0012125684 0.046493152 0.00099069606 0.001212061 0.99999877 -0.047045593
0.99999831 -0.00021462032 -0.0018276371 0.0028619065 0.00021272672 0.99999944 -0.0010362215 0.075465688 0.0018278585 0.001035831 0.99999779 -0.047942381
0.99999999 9.703751e-05 7.7034572e-05 -0.025972852 -9.6918322e-05 0.9999988 -0.0015457093 0.093348715 -7.7184471e-05 0.0015457018 0.9999988 0.050510847
0.99999988 1.1529702e-05 0.00049412693 0.0034114308 -1.1033384e-05 0.9999995 -0.0010044235 0.092741298 -0.00049413826 0.0010044179 0.99999937 0.06406979
0.9999999 0.00023385019 -0.00037476442 0.00053349968 -0.0002336963 0.99999989 0.00041063373 0.10581462 0.0003748604 -0.00041054611 0.99999985 -0.045437535
1 7.6274588e-06 -2.0924114e-05 -0.0034460438 -7.6063642e-06 0.99999949 0.0010079609 0.097181402 2.0931792e-05 -0.0010079608 0.99999949 -0.03312681
0.99999997 -0.00016268773 -0.00017228037 -0.009804322 0.0001627409 0.99999994 0.00030868902 0.080270462 0.00017223014 -0.00030871704 0.99999994 -0.039023597
0.99999992 -0.00034649151 -0.0002129404 -0.0030096411 0.00034649659 0.99999994 2.3845023e-05 0.069969408 0.00021293212 -2.3918804e-05 0.99999998 -0.034367474
0.99999989 -0.00035544949 0.0003146267 0.0078862418 0.00035534376 0.99999988 0.00033602175 0.055342992 -0.0003147461 -0.00033590991 0.99999989 0.020720694
0.99999998 -2.4118767e-05 -0.00021696067 -0.01361587 2.4257906e-05 0.99999979 0.00064133006 0.091277346 0.00021694516 -0.00064133531 0.99999977 -0.046808648
1 -2.9898747e-05 -5.4240623e-05 -0.0030291882 2.9915951e-05 0.99999995 0.00031720474 0.08803417 5.4231136e-05 -0.00031720637 0.99999995 -0.0063294221
0.99999967 -6.0114026e-05 0.0008079002 0.0031516282 6.0697792e-05 0.99999974 -0.00072256767 0.077348288 -0.00080785655 0.00072261647 0.99999941 0.049608144
0.99999999 -0.00014708622 -2.9863898e-06 -0.00032781907 0.0001470853 0.99999994 -0.00030648161 0.075966955 3.0314689e-06 0.00030648117 0.99999995 0.024182935
0.99999997 -4.2191361e-05 0.00021993318 -0.010152588 4.2318087e-05 0.99999983 -0.00057622967 0.083709691 -0.00021990883 0.00057623896 0.99999981 0.021833161
0.9999998 -6.668575e-06 0.00063120868 -0.007790382 6.7522356e-06 0.99999999 -0.0001325382 0.092834708 -0.00063120779 0.00013254243 0.99999979 0.027720752
0.9999997 -1.9420037e-05 0.00077953815 -0.0029014841 1.8954745e-05 0.99999982 0.00059688506 0.085248874 -0.00077954961 -0.0005968701 0.99999952 0.028901535
0.99999945 -0.00027047616 -0.0010143416 0.010959377 0.00027051498 0.99999996 3.8131054e-05 0.063161403 0.0010143312 -3.8405428e-05 0.99999948 -0.052064589
0.99999886 -0.00012017832 -0.0015069397 -0.010428415 0.00011935466 0.99999984 -0.00054665653 0.066272691 0.0015070051 0.00054647604 0.99999872 -0.061745061
0.99999964 0.00019383999 -0.00083016761 -0.011916811 -0.00019433194 0.99999981 -0.00059255112 0.091081332 0.00083005259 0.00059271223 0.99999948 -0.040460203
0.99999979 0.00027715713 -0.00058179241 -0.0077854229 -0.00027726166 0.99999995 -0.00017960359 0.10280215 0.0005817426 0.00017976486 0.99999981 -0.031632732
0.99999948 0.00082841376 -0.00058796525 -0.011879652 -0.0008286212 0.99999959 -0.00035264961 0.1477782 0.00058767288 0.00035313663 0.99999976 -0.023084877
0.99999915 0.0010074104 0.00082233331 -0.009048843 -0.0010067511 0.99999917 -0.00080167474 0.14807264 -0.00082314024 0.00080084618 0.99999934 0.032572445
0.99999955 0.0006113292 -0.00072431724 -0.0012783841 -0.0006114513 0.9999998 -0.0001683735 0.11410131 0.00072421417 0.00016881631 0.99999972 -0.020430542
0.99999936 0.0010824524 0.00031768779 -0.014772312 -0.0010825286 0.99999939 0.00023967088 0.15312835 -0.00031742816 -0.00024001463 0.99999992 0.017064454
0.9999995 0.00098778045 -0.00013207133 -0.014033559 -0.00098771873 0.9999994 0.00046657342 0.13601435 0.00013253213 -0.00046644274 0.99999988 -0.020958722
0.99999932 0.00115553 0.00017265227 -0.018598939 -0.0011556803 0.99999895 0.00087299053 0.15788482 -0.00017164332 -0.00087318947 0.9999996 -0.016488469
0.99999961 0.00088242791 -5.9451749e-05 -0.0094276262 -0.00088245516 0.9999995 -0.00045989299 0.1296669 5.9045897e-05 0.00045994527 0.99999989 0.016973565
0.99999918 0.001049825 0.00072700024 -0.012053538 -0.0010496441 0.99999942 -0.00024911402 0.14024427 -0.00072726134 0.00024835073 0.9999997 0.039289649
0.99999941 0.00085311717 0.00067655546 -0.0090216851 -0.00085261835 0.99999936 -0.00073723444 0.13516043 -0.00067718398 0.00073665716 0.9999995 0.032273721
0.99999949 0.0008784646 0.00050153355 -0.0041373027 -0.00087882593 0.99999935 0.00072068435 0.11494049 -0.00050090013 -0.00072112474 0.99999961 0.023121399
0.99999978 0.00065750591 3.9761344e-05 -0.0082639926 -0.00065751635 0.99999975 0.00026324465 0.10967738 -3.9588249e-05 -0.00026327074 0.99999996 -0.0081189751
0.99999963 0.00085007072 -9.5574434e-05 -0.0048836454 -0.00085003805 0.99999958 0.00034133996 0.12653607 9.5864557e-05 -0.0003412586 0.99999994 -0.0075976628
0.99999959 0.00083011216 -0.00036623475 -0.0071308625 -0.00083039959 0.99999935 -0.00078537618 0.11048175 0.00036558257 0.00078567998 0.99999962 -0.021031032
0.99999962 0.00085950932 -0.00013856155 0.0046410397 -0.00085955494 0.99999958 -0.00032953668 0.11953021 0.00013827825 0.00032965565 0.99999994 0.0099365732
0.99999968 0.00079462068 -7.8652602e-05 -0.018428741 -0.0007946465 0.99999963 -0.00032874598 0.1035554 7.8391344e-05 0.00032880838 0.99999994 -0.0013454897
0.99999971 0.00074321396 -0.00015922803 -0.0060131353 -0.00074314448 0.99999963 0.00043595189 0.10296734 0.00015955198 -0.00043583344 0.99999989 -0.032706112
0.9999997 0.00074870215 -0.00018418905 -0.0076501398 -0.00074861599 0.99999961 0.0004674075 0.095412366 0.00018453893 -0.00046726948 0.99999987 -0.025408102
0.99999988 0.00033729231 -0.0003538748 -0.010573488 -0.00033709336 0.99999979 0.00056211273 0.072242999 0.00035406432 -0.00056199337 0.99999978 -0.029571381
0.99999983 0.00057527897 0.00011236918 -0.0049441385 -0.00057526444 0.99999983 -0.00012930584 0.084192685 -0.00011244354 0.00012924117 0.99999999 0.011628593
0.99999926 0.00092071425 -0.00079353054 -0.011232072 -0.00092100463 0.99999951 -0.00036564662 0.10579767 0.0007931935 0.0003663772 0.99999962 -0.021297246
0.99999932 0.0011667971 9.1328799e-05 -0.020356237 -0.001166814 0.9999993 0.00018566625 0.12528025 -9.1112101e-05 -0.00018577268 0.99999998 0.0021961833
0.99999946 0.0010016135 0.00027657295 -0.012283568 -0.0010015079 0.99999943 -0.00038187073 0.11039478 -0.00027695527 0.00038159353 0.99999989 -0.00068829839
0.99999928 0.0011574307 0.00030103604 -0.016387548 -0.0011576751 0.999999 0.00081301699 0.1203122 -0.00030009473 -0.00081336491 0.99999962 -0.0035569574
0.99999937 0.0010025937 0.00050983771 -0.007006272 -0.0010027587 0.99999944 0.00032350582 0.098415851 -0.00050951308 -0.00032401686 0.99999982 0.012424148
0.99999965 0.00057538806 0.00060833496 0.0003228206 -0.00057572688 0.99999968 0.00055692828 0.099721238 -0.00060801432 -0.00055727832 0.99999966 0.023604002
0.99999969 0.00064475504 0.00045944725 -0.0091254768 -0.00064495066 0.9999997 0.00042575193 0.082110361 -0.0004591726 -0.00042604812 0.9999998 0.011614163
0.99999986 0.00051702052 5.511382e-05 -0.0010605715 -0.00051707303 0.99999941 0.00095692425 0.073935778 -5.4619038e-05 -0.00095695262 0.99999954 -0.0095426345
0.99999938 0.00036026301 0.0010536027 -0.0022697003 -0.00036068018 0.99999986 0.00039578008 0.054242234 -0.0010534599 -0.00039615985 0.99999937 0.036196087
0.99999995 6.7303785e-05 0.0003126114 0.0020730344 -6.7449607e-05 0.99999989 0.00046647519 0.052231499 -0.00031257997 -0.00046649625 0.99999984 0.0010763037
0.99999995 8.3731937e-05 -0.00030154623 -0.00436085 -8.3495442e-05 0.99999969 0.00078420031 0.04354325 0.0003016118 -0.00078417509 0.99999965 -0.023851948
0.99999994 -0.00020009582 -0.00027839447 -0.00025864937 0.00020032038 0.99999965 0.00080685065 0.026175785 0.00027823292 -0.00080690637 0.99999964 -0.031977375
0.99999999 5.9726893e-05 0.00012370076 0.0020439596 -5.9907011e-05 0.99999894 0.0014565852 0.052519491 -0.00012361363 -0.0014565926 0.99999893 -0.013831758
0.99999983 -0.00030267001 0.00049408018 0.0039628379 0.00030250267 0.9999999 0.0003387245 0.026299965 -0.00049418265 -0.00033857498 0.99999982 0.0028646837
0.99999977 -0.00035320448 0.00057277343 0.0089933366 0.00035307824 0.99999991 0.00022048737 0.02199898 -0.00057285126 -0.00022028509 0.99999981 0.024149413
0.99999988 -0.00017076843 0.00045395868 0.017707617 0.00017051439 0.99999983 0.00055958633 0.028936971 -0.00045405416 -0.00055950885 0.99999974 0.014885676
0.99999959 -0.00041193658 -0.00080302642 0.010841824 0.00041227932 0.99999982 0.00042669338 0.0040238043 0.0008028505 -0.00042702428 0.99999959 -0.030664407
0.99999979 -0.00063466281 0.00016258982 0.013822341 0.00063468475 0.99999979 -0.00013490866 -0.0060844167 -0.00016250417 0.00013501182 0.99999998 0.0041738487
0.99999992 -0.00028973 0.00025708668 0.0088282901 0.00028976918 0.99999995 -0.00015235971 0.019303056 -0.00025704252 0.0001524342 0.99999996 0.012510164
0.99999985 -0.0005374496 4.4783094e-05 0.015190505 0.00053741443 0.99999955 0.00078156297 0.0015221168 -4.5203125e-05 -0.00078153879 0.99999969 0.0032256249
0.99999892 -0.0013063625 -0.00067449064 0.025129495 0.0013063999 0.99999915 5.501736e-05 -0.045037919 0.00067441819 -5.5898455e-05 0.99999977 -0.02701397
0.99999973 -0.00071778583 0.00016183814 0.019359558 0.00071754365 0.99999863 0.0014916053 -0.0073966535 -0.00016290857 -0.0014914887 0.99999887 -0.016469246
0.99999429 -0.00031649865 -0.0033656687 -0.0064077672 0.00032134891 0.99999891 0.0014406542 0.01127679 0.0033652091 -0.0014417275 0.9999933 -0.18431559
0.9999985 -0.00083942134 -0.0015148624 -0.00097163947 0.00084112792 0.99999901 0.0011262742 -0.017731405 0.0015139155 -0.0011275467 0.99999822 -0.08380143
0.99999992 -0.00033263921 0.00021161262 -0.00033576716 0.00033256786 0.99999989 0.00033709324 0.004630814 -0.00021172473 -0.00033702284 0.99999992 -0.01695859
0.9999998 -0.000365078 0.00052596 0.0086375888 0.0003649631 0.99999991 0.00021853006 -0.00023109394 -0.00052603973 -0.00021833806 0.99999984 0.016014398
0.99999993 -0.00027446638 -0.00027087917 0.0095338523 0.00027475228 0.9999994 0.0010560038 0.011451154 0.00027058917 -0.0010560782 0.99999941 -0.017456512
0.99999991 -0.0001712336 -0.00038380134 -0.0070033129 0.0001716259 0.99999946 0.0010223588 0.016118042 0.00038362607 -0.0010224246 0.9999994 -0.046227549
0.99999944 0.00042382338 -0.00097300305 -0.00936158 -0.00042217128 0.99999847 0.0016975129 0.046677585 0.000973721 -0.0016971012 0.99999809 -0.056998664
0.99999847 0.00030918814 -0.0017195753 0.0044708 -0.00030803154 0.99999973 0.00067282933 0.040902322 0.0017197828 -0.00067229862 0.9999983 -0.050543908
0.99999979 0.00012066413 -0.00064281019 0.0067544424 -0.00012178081 0.99999848 -0.0017374314 0.023450992 0.00064259957 0.0017375093 0.99999828 0.015355118
0.99999973 -0.00052997119 0.00051297815 0.018016367 0.0005311191 0.99999735 -0.0022401843 -0.020695825 -0.00051178956 0.0022404562 0.99999736 0.029380054
0.99999795 -0.00032865463 0.001996584 0.018510884 0.0003299315 0.99999974 -0.00063923007 0.0060139522 -0.0019963734 0.0006398875 0.9999978 0.044549568
0.99999789 0.00031957354 0.0020293199 0.0078920167 -0.00032352477 0.99999805 0.0019470444 0.035531799 -0.0020286937 -0.0019476968 0.99999605 0.046461179
0.99999977 0.00066941978 -0.00012365059 -0.014091461 -0.00066926415 0.99999899 0.0012544303 0.06021078 0.0001244902 -0.0012543473 0.99999921 -0.027835807
0.99999992 0.00029428244 -0.00026685394 0.0008679796 -0.00029426065 0.99999995 8.1704374e-05 0.04146137 0.00026687797 -8.1625843e-05 0.99999996 0.00036618099
0.99999988 -0.00028911229 -0.00038692345 0.015848497 0.00028861908 0.99999915 -0.0012741272 -0.011179215 0.00038729149 0.0012740154 0.99999911 0.021906365
1 -4.678676e-05 -8.0334754e-05 0.0010328148 4.6735786e-05 0.9999998 -0.00063440248 0.0047784132 8.0364419e-05 0.00063439873 0.9999998 0.017718555
0.99999975 0.00047858789 0.00052366535 -0.0035784147 -0.000478445 0.99999985 -0.00027297179 0.031743722 -0.00052379592 0.00027272117 0.99999983 0.0072922591
0.99999967 0.00055932018 0.00058658844 -7.5972366e-05 -0.00055927062 0.99999984 -8.464932e-05 0.048869169 -0.00058663569 8.432123e-05 0.99999982 0.023192898
0.99999981 0.00031578318 0.00052444713 0.011163848 -0.00031569653 0.99999994 -0.00016531029 0.035774599 -0.0005244993 0.00016514469 0.99999985 0.027387404
0.99999995 -0.00025474981 0.00017522978 6.2324671e-05 0.00025482021 0.99999989 -0.00040180714 0.0014643219 -0.0001751274 0.00040185177 0.9999999 0.0013779935
0.99999968 0.0006453244 0.00047073218 -0.0052259506 -0.00064513328 0.99999971 -0.00040602883 0.041192263 -0.00047099406 0.00040572501 0.99999981 0.023069003
0.99999977 0.00031283287 0.00060832255 0.011864791 -0.00031249882 0.9999998 -0.00054915361 0.032841822 -0.00060849422 0.00054896338 0.99999966 0.035152796
0.99999999 0.00010891115 -2.6573651e-06 0.0060435028 -0.00010891079 0.99999998 0.0001368234 0.015534962 2.6722666e-06 -0.00013682311 0.99999999 0.014196235
0.9999987 0.00079316728 -0.0014011472 -0.011502457 -0.00079341628 0.99999967 -0.00017716443 0.040801165 0.0014010062 0.00017827589 0.999999 -0.029658696
0.99999935 0.00024664416 -0.0011089094 -0.0036465716 -0.00024783021 0.9999994 -0.0010695577 0.0081888469 0.0011086449 0.0010698319 0.99999881 -0.037514668
0.99999998 -0.00015295365 0.00016040767 0.0031657447 0.00015311519 0.99999948 -0.001007497 -0.0033956379 -0.00016025349 0.0010075215 0.99999948 0.0075231348
0.99999965 2.3310313e-05 0.00083617737 0.0099499644 -2.3522572e-05 0.99999997 0.0002538359 0.011615547 -0.00083617143 -0.00025385548 0.99999962 0.030611383
0.99999973 0.00019631853 0.00070318902 0.0056480997 -0.00019645004 0.99999996 0.00018694438 0.024845406 -0.00070315229 -0.00018708247 0.99999974 0.0080977706
0.99999943 3.3576982e-06 0.0010663533 0.0059980926 -3.7850896e-06 0.99999992 0.00040079542 0.010484101 -0.0010663519 -0.00040079923 0.99999935 0.028455224
0.99999965 -1.0393974e-06 0.00083617085 0.0080375744 7.387806e-07 0.99999994 0.00035951623 0.022515705 -0.00083617117 -0.00035951549 0.99999959 0.020145287
0.99999995 6.4358074e-05 0.00029428654 0.011236573 -6.4412552e-05 0.99999998 0.0001851129 0.015017579 -0.00029427462 -0.00018513185 0.99999994 0.011846927
0.99999995 0.00032256747 4.438582e-05 0.0036136679 -0.00032258809 0.99999984 0.00046516524 0.021231185 -4.4235766e-05 -0.00046517954 0.99999989 0.0061690014
0.99999996 0.00023355181 -0.00016997306 -0.0072848606 -0.00023346985 0.99999986 0.00048207161 0.01059577 0.00017008563 -0.00048203191 0.99999987 -0.014235575
0.99999987 -0.00042801017 -0.00027521247 0.009386885 0.00042806713 0.99999989 0.00020694201 -0.011857762 0.00027512386 -0.00020705979 0.99999994 -0.007798001
0.99999997 8.5856681e-05 -0.00022195498 -0.0020572498 -8.5917973e-05 0.99999996 -0.00027615242 0.0083396508 0.00022193127 0.00027617148 0.99999994 -0.012469543
0.99999997 0.00024470451 5.963305e-05 0.0018679784 -0.00024469755 0.99999996 -0.00011665122 0.019326504 -5.9661592e-05 0.00011663663 0.99999999 0.00084003787
0.99999994 -8.5581221e-05 0.00032802274 0.0057611256 8.5499955e-05 0.99999997 0.0002477518 0.0059191844 -0.00032804393 -0.00024772374 0.99999992 0.0076758352
1 2.4378777e-05 3.8410101e-05 0.0085338579 -2.4398109e-05 0.99999987 0.00050338846 0.0026116704 -3.8397824e-05 -0.00050338939 0.99999987 0.0043773269
0.99999996 0.00017174841 -0.00021568417 -0.0025192927 -0.00017173077 0.99999998 8.1802568e-05 0.015929369 0.00021569821 -8.1765526e-05 0.99999997 -0.010207388
0.9999999 4.3343739e-05 -0.00043786106 -0.00025411756 -4.3432898e-05 0.99999998 -0.00020361596 0.0026117882 0.00043785223 0.00020363496 0.99999988 -0.014159005
0.99999996 -0.00027146237 3.9014112e-05 0.0037730892 0.0002714667 0.99999996 -0.00011091612 -0.0086380844 -3.8984e-05 0.00011092671 0.99999999 0.021209239
0.99999999 0.00016132217 3.0728944e-05 -0.0008734228 -0.00016131397 0.99999995 -0.00026670396 0.0045511995 -3.0771968e-05 0.000266699 0.99999996 -0.0078373652
0.99999998 0.00014475771 0.0001626119 0.0054084705 -0.00014477129 0.99999999 8.3472422e-05 0.010623199 -0.00016259982 -8.3495961e-05 0.99999998 0.0039916027
0.99999999 -0.00012135774 -8.5882325e-05 0.006634281 0.0001213775 0.99999997 0.00023009416 -0.0044493639 8.5854398e-05 -0.00023010458 0.99999997 -0.0040121082
1 -2.8360912e-05 -7.1550035e-05 0.0037050622 2.8372495e-05 0.99999999 0.00016189758 -0.0010293441 7.1545442e-05 -0.00016189961 0.99999998 0.0014791894
0.99999997 -1.9443764e-05 -0.00023773655 -0.0036664623 1.9397366e-05 0.99999998 -0.00019516912 0.0020844648 0.00023774034 0.00019516451 0.99999995 -0.0048340914
0.99999997 0.00023496955 -2.041408e-05 0.0031076133 -0.00023496968 0.99999997 -6.1125294e-06 0.015312558 2.0412643e-05 6.117326e-06 1 0.00059014174
0.99999999 -9.3299439e-05 -5.7806377e-05 0.0056694705 9.3301283e-05 1 3.1882569e-05 -0.0020459725 5.7803402e-05 -3.1887962e-05 1 0.00025194686
0.99999998 0.00010208703 -0.0001735596 -0.00098637682 -0.00010210395 0.99999999 -9.7499834e-05 0.0076473357 0.00017354965 9.7517553e-05 0.99999998 -0.0033578082
1 1.5941678e-06 -7.8840479e-05 0.0085287889 -1.6029487e-06 0.99999999 -0.00011137529 9.6540913e-05 7.8840301e-05 0.00011137541 0.99999999 0.0066206333
0.99999998 -0.00015102879 -0.00013987898 0.0068718782 0.00015103379 0.99999999 3.5740673e-05 -0.0010952622 0.00013987358 -3.5761799e-05 0.99999999 0.0047083189
0.99999995 0.00028314703 -0.00010703471 -0.0046740611 -0.00028316228 0.99999995 -0.00014242976 0.0049834217 0.00010699438 0.00014246006 0.99999998 -0.0032518685
0.99999998 -0.00010083236 -0.00019602625 0.013195097 0.00010085088 0.99999999 9.4479853e-05 0.002754208 0.00019601672 -9.449962e-05 0.99999998 -0.0049661319
0.99999997 -0.00024286179 8.7113552e-05 8.7606644e-05 0.00024284851 0.99999996 0.00015237923 -0.014727138 -8.7150555e-05 -0.00015235807 0.99999998 0.0038232566
1 7.1426054e-05 -2.387331e-05 -0.0054711574 -7.1417981e-05 0.99999994 0.00033798439 0.00038625337 2.3897449e-05 -0.00033798268 0.99999994 -0.0019310097
0.99999999 1.2715977e-05 -0.00012615779 -0.0045899902 -1.2707048e-05 1 7.0776222e-05 -0.0037990376 0.00012615869 -7.0774619e-05 0.99999999 -0.013217484
1 -2.0248242e-06 -3.2462084e-06 0.00064393223 2.0241828e-06 0.99999998 -0.00019758228 0.0017816923 3.2466084e-06 0.00019758227 0.99999998 -0.00026542097
0.99999998 -4.4934379e-05 -0.00021697146 0.0051933905 4.4930416e-05 1 -1.8271534e-05 -0.0024474408 0.00021697228 1.8261784e-05 0.99999998 0.0056057774
0.99999998 9.7507607e-05 -0.00019628071 -0.0020265905 -9.7486949e-05 0.99999999 0.00010525665 -0.0019258906 0.00019629097 -0.00010523751 0.99999998 0.0035542172
0.99999999 -0.00010137952 -1.9641939e-05 -0.00031638365 0.00010137111 0.9999999 -0.00042755983 0.0030643939 1.9685283e-05 0.00042755783 0.99999991 -0.0092745739
0.99999998 -9.6534983e-06 0.00017538674 0.0023669585 9.6468115e-06 1 3.8126928e-05 0.0060806494 -0.0001753871 -3.8125236e-05 0.99999998 0.0072595185
0.99999996 -0.00026564508 -0.00013511629 0.0040717588 0.00026564974 0.99999996 3.4469803e-05 -0.024226245 0.00013510713 -3.4505695e-05 0.99999999 0.0022879759
0.99999992 0.00036948878 -0.00013093214 -0.0036226251 -0.00036952892 0.99999988 -0.00030665108 0.017200852 0.00013081882 0.00030669944 0.99999994 -0.00041483902
0.99999998 1.4442309e-05 0.00019846905 0.0026728187 -1.4448856e-05 1 3.2987123e-05 0.0013892421 -0.00019846857 -3.298999e-05 0.99999998 0.0019967123
0.99999998 -0.00017711481 2.1185101e-05 -0.0040945435 0.0001771168 0.99999998 -9.3789256e-05 -0.010910771 -2.1168489e-05 9.3793007e-05 1 -0.0017146144
0.99999995 -4.0768142e-05 0.00031849498 0.0050663444 4.0823256e-05 0.99999998 -0.00017303862 0.0028613938 -0.00031848792 0.00017305161 0.99999993 0.00051618962
0.99999999 0.0001258932 -9.7923479e-05 -0.0049829768 -0.00012589814 0.99999999 -5.0482794e-05 -0.0025123269 9.7917123e-05 5.0495122e-05 0.99999999 0.0011549433
0.99999999 -8.8149701e-05 -0.00012409048 -0.00082395542 8.8150078e-05 1 3.0315978e-06 -0.0047622049 0.00012409021 -3.0425363e-06 0.99999999 -0.0053302354
0.99999998 -0.00011312515 0.00013203641 -0.00020672985 0.00011311894 0.99999999 4.7075985e-05 -0.0067326196 -0.00013204173 -4.7061049e-05 0.99999999 0.0051518998
0.99999999 0.00015871277 3.092177e-05 -0.00089330165 -0.00015870465 0.99999995 -0.00026240644 0.0089883164 -3.0963416e-05 0.00026240152 0.99999997 -0.0074181756
0.99999999 -8.464788e-05 0.00014627498 0.0040258765 8.4612557e-05 0.99999997 0.00024146937 0.0011105143 -0.00014629541 -0.00024145699 0.99999996 0.0084075697
1 -1.4732171e-05 7.5072219e-05 -0.0017863574 1.4729885e-05 1 3.0443369e-05 -0.0019863845 -7.5072667e-05 -3.0442263e-05 1 -0.0068135591
1 5.5630585e-05 -1.7618529e-05 -0.0012135099 -5.5633028e-05 0.99999999 -0.00013873237 -0.00390107 1.7610811e-05 0.00013873335 0.99999999 -0.003867009
1 -3.8431391e-05 6.1749968e-05 -0.00061764899 3.8437518e-05 0.99999999 -9.9212589e-05 -0.0013112882 -6.1746155e-05 9.9214962e-05 0.99999999 0.0066821578
0.99999999 7.7510893e-05 -0.00011887014 0.0047422495 -7.7539801e-05 0.99999997 -0.00024320404 0.0033630218 0.00011885129 0.00024321326 0.99999996 -0.0017701745
0.99999998 -5.4806874e-05 -0.00021220319 -0.0010134745 5.483873e-05 0.99999999 0.00015011758 -0.0047325907 0.00021219496 -0.00015012922 0.99999997 0.0015895545
1 -4.0016817e-05 -9.8058711e-06 -0.0053604115 4.001569e-05 0.99999999 -0.00011494097 -0.0053554187 9.8104706e-06 0.00011494057 0.99999999 0.006915957
0.99999999 0.00011216212 0.00010388245 -0.0022426914 -0.00011214914 0.99999999 -0.00012493442 0.006743706 -0.00010389646 0.00012492277 0.99999999 -0.0034295983
0.99999999 -0.00012141559 -4.0422796e-06 0.01130591 0.00012141543 0.99999999 -3.8996706e-05 -0.002076773 4.0470144e-06 3.8996215e-05 1 0.00053165834
1 -4.5318632e-05 7.8762156e-05 -0.0008543998 4.5315908e-05 1 3.4583962e-05 -0.0038947392 -7.8763723e-05 -3.4580392e-05 1 0.0016274935
0.99999998 0.00011316226 -0.00017454463 0.0069034213 -0.00011320578 0.99999996 -0.00024932313 0.0066595133 0.00017451641 0.00024934289 0.99999995 -0.00081293191
0.99999996 -0.00023249999 -0.00015152323 -0.0052757324 0.00023250535 0.99999997 3.5313894e-05 -0.0124885 0.00015151501 -3.5349123e-05 0.99999999 -0.0028961627
0.99999997 0.00011434809 0.00021837802 -0.0055126969 -0.00011434124 0.99999999 -3.137451e-05 0.0043276966 -0.00021838161 3.134954e-05 0.99999998 -0.00089516732
1 -8.507555e-05 5.2263905e-05 0.0013663939 8.508914e-05 0.99999996 -0.00026008442 -0.0042893583 -5.2241776e-05 0.00026008887 0.99999996 0.00036560189
0.99999999 9.8089899e-06 -0.00010288259 -0.00013002457 -9.8078724e-06 1 1.0862327e-05 1.3691282e-05 0.0001028827 -1.0861318e-05 0.99999999 0.0016860779
0.99999999 0.00013261953 6.2004602e-05 -0.00049805982 -0.00013262861 0.99999998 0.00014646412 0.0078217556 -6.1985177e-05 -0.00014647235 0.99999999 -0.00022611964
0.99999999 -9.8802899e-05 9.294928e-05 0.00010232428 9.8806883e-05 0.99999999 -4.2860096e-05 -0.0040799619 -9.2945045e-05 4.2869279e-05 0.99999999 -0.00097506395
1 -7.0167064e-05 4.3434096e-05 0.0027132568 7.0166661e-05 1 9.274278e-06 -0.0051290615 -4.3434746e-05 -9.2712304e-06 1 0.0039972873
1 7.6600139e-06 -8.6597845e-05 -0.0003353609 -7.6651909e-06 1 -5.9782144e-05 2.9439436e-05 8.6597387e-05 5.9782808e-05 0.99999999 -0.0089399268
1 2.6258281e-05 6.0671971e-05 0.0018806098 -2.6252988e-05 1 -8.723816e-05 0.00546635 -6.0674262e-05 8.7236567e-05 0.99999999 0.010738467
0.99999999 0.00010832884 -1.6554311e-05 -0.0033377696 -0.00010833108 0.99999998 -0.00013561035 0.0034870812 1.653962e-05 0.00013561214 0.99999999 -0.0016930963
1 -1.3723564e-07 -5.6652407e-05 -0.002832117 1.3475728e-07 1 -4.3746798e-05 -0.0030631677 5.6652413e-05 4.374679e-05 1 -0.0028297306
0.99999997 -0.00022829291 2.7233484e-05 0.0034627545 0.00022829463 0.99999997 -6.3098726e-05 -0.015571588 -2.7219078e-05 6.3104941e-05 1 0.0028574462
0.99999999 8.7136789e-05 -8.0354717e-05 -0.0035579813 -8.7119186e-05 0.99999997 0.00021904542 0.009017464 8.0373802e-05 -0.00021903842 0.99999997 -0.0017504665
0.99999999 5.5914705e-05 -8.8310617e-05 -0.00034142952 -5.5909143e-05 1 6.2984061e-05 0.0036375583 8.8314138e-05 -6.2979124e-05 0.99999999 -0.0025526221
0.99999994 -3.9475059e-05 -0.00034264229 0.00085999945 3.9511856e-05 0.99999999 0.00010738566 -0.00058130724 0.00034263805 -0.00010739919 0.99999994 -0.0045835731
0.99999998 0.00011016253 0.00018396533 -0.0033216025 -0.00011017785 0.99999999 8.3282111e-05 0.0034760755 -0.00018395615 -8.3302378e-05 0.99999998 0.0043850461
0.99999999 -1.2016852e-05 -0.00011666102 0.0052065236 1.2017203e-05 1 3.0081164e-06 0.0015621949 0.00011666098 -3.0095184e-06 0.99999999 0.0040144377
0.99999999 0.00012812953 -8.6212644e-05 0.0017794529 -0.00012814084 0.99999998 -0.00013122548 0.01001631 8.6195829e-05 0.00013123652 0.99999999 -0.00091193695
0.99999997 -2.2948214e-05 -0.00023188925 -0.0052014907 2.2910902e-05 0.99999999 -0.00016090874 -0.011601221 0.00023189294 0.00016090342 0.99999996 -0.00092538234
0.99999997 -0.00024046597 -7.6284298e-05 0.0031569617 0.00024047026 0.99999997 5.6307647e-05 -0.0088621962 7.6270756e-05 -5.6325989e-05 1 0.003382862
1 1.4662325e-05 3.6382075e-05 -0.00090563175 -1.4658683e-05 0.99999999 -0.00010009928 0.0022620587 -3.6383542e-05 0.00010009875 0.99999999 -0.0029981021
0.99999999 -0.00010854718 8.8894412e-05 1.3339753e-06 0.00010854649 0.99999999 7.7684805e-06 -0.0093194415 -8.8895255e-05 -7.7588313e-06 1 -0.0021563006
1 5.7361604e-05 4.8349671e-05 -0.0027046612 -5.7362892e-05 1 2.6632314e-05 0.0046453816 -4.8348144e-05 -2.6635087e-05 1 0.0046415302
0.99999999 0.00012644501 -6.4017825e-05 -0.0034875463 -0.00012644735 0.99999999 -3.6573321e-05 0.0043693033 6.40132e-05 3.6581415e-05 1 -0.0040884347
1 8.4846576e-05 2.2748421e-05 0.0024457618 -8.4851521e-05 0.99999997 0.00021748362 0.0066523113 -2.2729968e-05 -0.00021748555 0.99999998 -0.00049950767
1 -8.0608479e-05 -1.0045172e-05 0.00020800628 8.0606837e-05 0.99999998 -0.00016340234 -0.0039776289 1.0058344e-05 0.00016340153 0.99999999 -0.0029953479
1 -6.8145365e-05 2.104354e-05 -0.0024662448 6.8144304e-05 1 5.0427233e-05 -0.0082366838 -2.1046976e-05 -5.0425798e-05 1 0.00046752648
0.99999999 9.5967946e-05 -5.2097316e-05 -0.00091090048 -9.5963302e-05 0.99999999 8.9146092e-05 0.0080096092 5.210587e-05 -8.9141092e-05 0.99999999 0.00073633593
1 -2.2793715e-05 4.7087293e-05 0.0015231595 2.279825e-05 1 -9.631008e-05 -0.0028210651 -4.7085098e-05 9.6311154e-05 0.99999999 -0.0018808793
1 4.6396603e-05 7.0990955e-05 0.0037991374 -4.6409868e-05 0.99999998 0.00018685679 0.0061684234 -7.0982284e-05 -0.00018686008 0.99999998 0.0025613809
1 -3.7407737e-05 6.6947754e-05 -0.004453743 3.7399557e-05 0.99999999 0.00012218158 -0.0015471316 -6.6952324e-05 -0.00012217907 0.99999999 -0.0018385841
1 2.4150179e-05 1.0121339e-05 0.00092087538 -2.4150701e-05 1 5.1573901e-05 0.00045451929 -1.0120093e-05 -5.1574145e-05 1 0.0076032092
0.99999999 -8.6881176e-05 -0.00010917277 -0.0010573714 8.6893095e-05 0.99999999 0.00010917751 -0.0075909863 0.00010916329 -0.00010918699 0.99999999 -0.0019027829
0.99999998 9.5076893e-05 -0.00014729154 0.0036509913 -9.5076976e-05 1 -5.5563879e-07 0.0066921874 0.00014729149 5.6964281e-07 0.99999999 -0.0016204337
1 -5.7072686e-05 8.7874473e-06 -0.0054672106 5.7071796e-05 0.99999999 0.00010125881 -0.0087185957 -8.7932263e-06 -0.00010125831 0.99999999 0.0010384457
0.99999999 6.7452678e-05 -0.00010081272 0.0033364694 -6.7446954e-05 1 5.6784868e-05 0.0017556856 0.00010081655 -5.6778068e-05 0.99999999 -0.0035312555
0.99999999 -2.9101623e-05 -0.00015871626 -0.00064890051 2.9121878e-05 0.99999999 0.00012761569 -0.00060561193 0.00015871254 -0.00012762031 0.99999998 0.00055563559
0.99999996 0.00011939916 -0.00026999104 -0.0036588793 -0.00011940187 0.99999999 -1.0028077e-05 0.008960829 0.00026998984 1.0060314e-05 0.99999996 -0.0030731786
0.99999999 -0.00010936135 -4.5109158e-05 0.0013835784 0.00010936547 0.99999999 9.1285741e-05 -0.0091898325 4.5099175e-05 -9.1290674e-05 0.99999999 0.0089187055
1 -6.1598389e-05 2.1021175e-05 0.0021478555 6.1599433e-05 1 -4.9668661e-05 -0.0037188495 -2.1018116e-05 4.9669956e-05 1 -0.0041797647
0.99999999 5.3959707e-05 -0.00011472846 -0.0005185746 -5.391076e-05 0.99999991 0.00042659357 0.0085879485 0.00011475147 -0.00042658738 0.9999999 0.001426287
0.99999998 -0.00012191667 -0.00015846036 0.0020059888 0.00012194584 0.99999998 0.00018413753 -0.01279186 0.00015843791 -0.00018415685 0.99999997 -0.00062496533
1 3.3167123e-05 -6.2627913e-05 0.0051902314 -3.3172231e-05 1 -8.1561894e-05 0.0037392746 6.2625208e-05 8.1563971e-05 0.99999999 0.0004619904
0.99999999 -3.6163496e-06 -0.00012221471 -0.0090021511 3.631803e-06 0.99999999 0.00012644481 -0.0020581327 0.00012221425 -0.00012644525 0.99999998 -0.0019491907
0.99999998 7.1375822e-05 0.00019304868 0.0039887683 -7.1358135e-05 0.99999999 -9.1623904e-05 0.005405557 -0.00019305522 9.1610126e-05 0.99999998 0.004009429
0.99999998 -0.00016057945 0.00011762933 -0.00015289799 0.00016053446 0.99999991 0.00038237955 -0.0090151097 -0.00011769072 -0.00038236065 0.99999992 -0.0024747187
0.99999997 0.00021631026 -0.00010166748 -0.0067391594 -0.00021629458 0.99999996 0.00015418343 0.01099927 0.00010170083 -0.00015416144 0.99999998 -0.0013437651
1 -1.4918159e-05 -6.8162592e-05 0.0012447329 1.4932326e-05 0.99999998 0.00020784644 0.00069015226 6.8159489e-05 -0.00020784746 0.99999998 0.0006497226
1 -4.7163472e-05 6.5867242e-05 0.0042818744 4.7134315e-05 0.9999999 0.00044259746 0.0013416397 -6.588811e-05 -0.00044259435 0.9999999 0.00044416156
0.99999999 -0.00015291916 5.834367e-05 0.005934005 0.00015291441 0.99999999 8.1319496e-05 -0.012019061 -5.8356105e-05 -8.1310573e-05 0.99999999 0.003711028
1 -3.8579188e-05 3.3429518e-05 0.001026099 3.857795e-05 1 3.7035668e-05 -0.00083111953 -3.3430947e-05 -3.7034378e-05 1 -0.0082124487
0.99999996 0.00018752271 -0.00022269781 -0.0030242555 -0.00018752586 0.99999998 -1.4121701e-05 0.0083705121 0.00022269516 1.4163462e-05 0.99999998 0.0045308518
0.99999998 -0.00012694214 0.00016972826 0.0017290707 0.00012695149 0.99999999 -5.5084321e-05 -0.0033214977 -0.00016972127 5.5105867e-05 0.99999998 -5.4610489e-05
0.99999999 7.7004808e-05 -0.00012422129 -0.0025231623 -7.6970497e-05 0.99999996 0.00027618939 -0.00066024043 0.00012424256 -0.00027617982 0.99999995 0.0004719296
1 -5.7144858e-06 8.0931766e-06 -0.0043775354 5.7137653e-06 1 8.9022592e-05 3.3119406e-05 -8.0936853e-06 -8.9022546e-05 1 -0.0027656519
1 -9.0659317e-05 -3.4988722e-05 0.0036282552 9.0663656e-05 0.99999999 0.00012401731 -0.00084871119 3.4977478e-05 -0.00012402048 0.99999999 0.0021600606
0.99999999 -2.1519829e-05 0.00010277075 -0.0026058091 2.1526871e-05 1 -6.8513159e-05 0.00019039294 -0.00010276928 6.8515371e-05 0.99999999 -0.005555575
0.99999999 9.3455773e-05 3.6004678e-05 -0.00060398263 -9.3456046e-05 1 7.5790186e-06 0.0012894306 -3.600397e-05 -7.5823834e-06 1 -0.00080261
0.99999994 8.1294803e-06 -0.00033844528 0.00030627145 -8.1221951e-06 1 2.1526925e-05 -0.00019346989 0.00033844545 -2.1524175e-05 0.99999994 -0.0015955238
0.99999999 8.8019428e-05 -4.865115e-05 0.0012991018 -8.8017201e-05 1 4.5774845e-05 0.0084872625 4.8655179e-05 -4.5770562e-05 1 0.0028834652
0.99999998 -4.3556177e-05 -0.00018392714 -0.00064184159 4.3595777e-05 0.99999998 0.00021530594 -0.0050920001 0.00018391775 -0.00021531396 0.99999996 -0.0014487152
0.99999998 -0.00012824516 -0.00017249502 -0.00077891263 0.00012823706 0.99999999 -4.6970977e-05 -0.011036959 0.00017250105 4.6948856e-05 0.99999998 -0.00032877697
1 5.3655212e-05 -6.354745e-05 0.0024206523 -5.3650742e-05 1 7.0347202e-05 0.0050643218 6.3551224e-05 -7.0343793e-05 1 0.005803782
1 6.6169893e-05 -4.7608981e-05 -0.0036154676 -6.6159791e-05 0.99999998 0.00021216155 0.0014772317 4.7623018e-05 -0.0002121584 0.99999998 -0.0045417473
0.99999999 7.9521962e-05 -0.0001481434 0.00099975518 -7.9533948e-05 0.99999999 -8.0902022e-05 0.0097602791 0.00014813697 8.0913803e-05 0.99999999 7.7253217e-05
0.99999998 -0.00014585728 0.0001143279 0.00054942726 0.00014584534 0.99999998 0.00010440465 -0.0070786797 -0.00011434313 -0.00010438797 0.99999999 0.0013402558
1 8.3761328e-05 2.1926027e-05 -0.0084956191 -8.3764998e-05 0.99999998 0.00016746367 0.0012204409 -2.1912e-05 -0.00016746551 0.99999999 -0.0024267299
1 3.3594469e-05 -3.6128935e-05 0.0068679934 -3.3596187e-05 1 -4.7557653e-05 0.0029746268 3.6127337e-05 4.7558867e-05 1 0.0026754091
0.99999999 -0.00012223811 -3.078194e-05 -0.0043182864 0.00012223776 0.99999999 -1.1408527e-05 -0.0081565212 3.0783335e-05 1.1404764e-05 1 -0.0012795808
1 5.7886591e-05 -7.2108341e-05 0.0015662107 -5.7894378e-05 0.99999999 -0.0001079839 0.011145544 7.210209e-05 0.00010798807 0.99999999 -0.0034840073
0.99999997 0.0001869888 -0.00018389128 -0.00010753357 -0.00018695323 0.99999996 0.00019342956 0.0090027331 0.00018392745 -0.00019339517 0.99999996 -0.001772365
0.99999998 -0.00017749127 2.8406783e-05 -9.6152837e-06 0.00017749396 0.99999998 -9.4746297e-05 -0.015800418 -2.8389966e-05 9.4751338e-05 1 0.0078679535
0.99999999 -9.3869e-05 5.4774498e-05 -0.00060664288 9.3862516e-05 0.99999999 0.00011837571 -0.0073433188 -5.4785609e-05 -0.00011837057 0.99999999 -0.0025161683
1 2.902572e-05 4.3418408e-05 0.0037049088 -2.9029601e-05 1 8.9385813e-05 0.0030686964 -4.3415814e-05 -8.9387073e-05 1 0.0034208673
1 1.176123e-07 8.1381877e-05 -0.0043421209 -1.2549437e-07 1 9.6852875e-05 -0.004389056 -8.1381865e-05 -9.6852885e-05 0.99999999 0.0012158043
1 -1.3798587e-05 -3.2678656e-06 0.0035552576 1.379906e-05 0.99999999 0.00014466275 0.0035581268 3.2658694e-06 -0.0001446628 0.99999999 -0.00087983578
0.99999998 1.639197e-05 -0.00020321191 -0.0022167317 -1.6400705e-05 1 -4.2982557e-05 0.0027699008 0.00020321121 4.2985889e-05 0.99999998 -0.004298776
0.99999999 0.0001283609 3.4652663e-05 0.00056151313 -0.00012835972 0.99999999 -3.3901474e-05 0.0077353276 -3.4657014e-05 3.3897026e-05 1 -0.0012623071
1 -1.935916e-05 -9.0556205e-05 0.0023595773 1.9370574e-05 0.99999999 0.00012603356 0.0022757858 9.0553764e-05 -0.00012603531 0.99999999 0.0092494486
0.99999999 -0.00013862387 -1.4969132e-05 -0.0043384648 0.00013862528 0.99999999 9.4527399e-05 -0.007152638 1.4956028e-05 -9.4529473e-05 1 -0.00079065463
0.99999999 0.00010783107 -1.7966397e-05 0.00032802937 -0.00010782952 0.99999999 8.5971496e-05 0.0074965378 1.7975667e-05 -8.5969559e-05 1 -0.0025880694
1 -9.3320435e-05 -1.6070202e-05 0.0041277033 9.3320781e-05 1 2.1552362e-05 -0.009464347 1.606819e-05 -2.1553862e-05 1 -0.0016827982
1 9.4907155e-05 -1.6224612e-05 -0.00040161416 -9.4905573e-05 0.99999999 9.7456154e-05 0.0019616699 1.6233861e-05 -9.7454614e-05 1 0.0048933489
0.99999999 2.0059393e-05 0.0001126788 -0.0026251675 -2.0059743e-05 1 3.1066551e-06 0.0060929671 -0.00011267874 -3.1089154e-06 0.99999999 0.0023197228
0.99999999 1.8467073e-05 -0.00011743808 0.0012647555 -1.8436563e-05 0.99999997 0.00025979647 -0.0046006416 0.00011744287 -0.0002597943 0.99999996 -0.0019298378
0.99999996 -0.00018528725 -0.00019050408 0.0008505642 0.00018529042 0.99999998 1.6591307e-05 -0.007840553 0.00019050101 -1.6626605e-05 0.99999998 -0.0024521761
1 2.7076481e-05 2.2712964e-05 -0.0040685823 -2.7073949e-05 0.99999999 -0.00011146578 0.00010985462 -2.2715982e-05 0.00011146516 0.99999999 0.0035327873
0.99999999 -5.2062298e-05 -0.00015736962 0.0060989158 5.2070014e-05 1 4.9026692e-05 -0.0059164203 0.00015736707 -4.9034885e-05 0.99999999 -0.0033109109
1 1.1174643e-05 5.634896e-05 -0.0021096299 -1.1181552e-05 0.99999999 0.00012261647 0.0041116784 -5.6347589e-05 -0.0001226171 0.99999999 0.00043341476
0.99999999 1.2433773e-05 0.00015667276 -0.0031156637 -1.2440428e-05 1 4.2475146e-05 -0.00080683589 -0.00015667223 -4.2477095e-05 0.99999999 0.0047386662
0.99999997 0.00025500626 -4.4537457e-05 -0.00098497621 -0.00025500272 0.99999996 7.9414841e-05 0.010967052 4.4557707e-05 -7.9403481e-05 1 -0.0042341588
0.99999996 -0.00015155818 -0.00022684424 -0.001002406 0.00015158848 0.99999998 0.00013358711 -0.0062144659 0.00022682398 -0.00013362149 0.99999997 0.0032778052
0.99999998 -0.00010832958 -0.00018832965 -0.0016088525 0.00010831712 0.99999999 -6.615209e-05 -0.0092854483 0.00018833681 6.613169e-05 0.99999998 -0.00070521249
1 8.8087757e-05 9.2455574e-06 0.0042663164 -8.8088229e-05 0.99999999 5.1032858e-05 0.0089449455 -9.241062e-06 -5.1033672e-05 1 0.0028977064
1 3.2205981e-05 6.4953103e-05 -0.0024349994 -3.2200943e-05 1 -7.7568177e-05 -0.00029044197 -6.4955601e-05 7.7566085e-05 0.99999999 -0.003504645
0.99999999 0.0001447533 2.4447787e-05 0.0026881628 -0.0001447561 0.99999998 0.00011448705 0.0080534332 -2.4431214e-05 -0.00011449058 0.99999999 -0.0010529197
0.99999998 -0.0001769687 9.7454371e-05 -0.0039133524 0.00017696764 0.99999998 1.0866585e-05 -0.013218257 -9.7456293e-05 -1.0849339e-05 1 4.0850085e-05
0.99999996 -8.1384433e-05 -0.00026963934 0.0024727167 8.1425644e-05 0.99999999 0.0001528305 -0.0042171569 0.0002696269 -0.00015285245 0.99999995 0.0015011516
0.99999999 -9.5974852e-05 0.00013015386 0.0020317442 9.5963172e-05 0.99999999 8.9741388e-05 -0.0082718936 -0.00013016247 -8.9728897e-05 0.99999999 -0.00082265318
0.99999998 -3.592137e-05 0.00018364749 0.00075834172 3.5932573e-05 1 -6.1002262e-05 0.0043350228 -0.0001836453 6.100886e-05 0.99999998 0.0063941149
0.99999994 0.0001359677 -0.00032969399 0.00033615316 -0.00013597184 0.99999999 -1.2517359e-05 -0.00091774894 0.00032969229 1.2562187e-05 0.99999995 -0.0069329674
0.99999997 -0.00021694559 0.00013491565 0.0062509856 0.00021692419 0.99999996 0.00015856903 -0.0060928622 -0.00013495005 -0.00015853975 0.99999998 0.002086671
0.99999998 0.00013220067 -0.00014720897 -0.0055951285 -0.00013223186 0.99999997 -0.00021185347 0.00010972463 0.00014718096 0.00021187293 0.99999997 -0.00049018767
0.99999997 0.00014856485 -0.00017915827 -0.0024051594 -0.00014858777 0.99999998 -0.0001279084 0.0097452196 0.00017913927 0.00012793501 0.99999998 -0.0084714731
0.99999999 -3.1693556e-05 0.00010498395 0.0086826705 3.1685995e-05 1 7.2017397e-05 0.0057219123 -0.00010498623 -7.201407e-05 0.99999999 0.0068423333
1 6.2672621e-05 1.9515202e-05 -0.0092415481 -6.2671574e-05 1 -5.3663626e-05 -0.0021338869 -1.9518565e-05 5.3662403e-05 1 0.0032067436
1 -9.4291162e-06 4.363341e-05 0.0090987079 9.4300501e-06 1 -2.1402526e-05 0.0012729532 -4.3633209e-05 2.1402937e-05 1 -0.0010479687
0.99999992 -0.00036409663 -0.00013878286 -0.0037927177 0.00036410502 0.99999993 6.0478943e-05 -0.018799335 0.00013876083 -6.052947e-05 0.99999999 -0.0044363002
0.99999999 0.00015807464 -6.5817202e-05 0.0027303328 -0.00015807095 0.99999999 5.6060276e-05 0.0045776973 6.5826063e-05 -5.6049872e-05 1 0.0020294648
0.99999997 0.00022618238 -6.7814349e-05 -0.0046028191 -0.0002261749 0.99999997 0.0001102298 0.018020745 6.7839279e-05 -0.00011021446 0.99999999 -0.0028815309
0.99999997 -0.00023925931 7.5763137e-05 -0.0022178608 0.00023927168 0.99999996 -0.00016332299 -0.01698578 -7.5724058e-05 0.00016334111 0.99999998 -0.0017821166
0.99999999 0.00012932804 6.4272797e-05 -0.0046374104 -0.00012931628 0.99999997 -0.00018307396 0.0033743626 -6.4296472e-05 0.00018306564 0.99999998 -0.0024980678
1 -3.6755314e-05 -6.069887e-05 0.0031895182 3.6757931e-05 1 4.3120947e-05 0.0014118599 6.0697285e-05 -4.3123178e-05 1 0.0011112498
0.99999999 4.9053187e-05 0.00011976255 -0.0022914472 -4.9034386e-05 0.99999999 -0.00015698633 0.0071544279 -0.00011977025 0.00015698046 0.99999998 0.0066208794
0.99999999 -0.00010690522 1.9125035e-05 -0.00047399381 0.00010690704 0.99999999 -9.5269665e-05 -0.0045468264 -1.911485e-05 9.5271709e-05 1 -0.0018855245
0.99999997 0.00013289347 -0.00018057492 -0.00052856708 -0.00013290111 0.99999999 -4.2313244e-05 0.0061947453 0.00018056929 4.2337241e-05 0.99999998 0.0013963332
1 2.2365894e-05 -1.2358757e-05 2.8915356e-05 -2.2368904e-05 0.99999997 -0.00024361866 -0.0015541606 1.2353308e-05 0.00024361894 0.99999997 0.0034114842
0.99999999 3.188581e-05 -0.00014191603 -0.00041826603 -3.1881059e-05 1 3.3483125e-05 0.0041431849 0.0001419171 -3.34786e-05 0.99999999 -0.001834129
0.99999997 -0.00012266375 -0.00019347861 0.003689693 0.00012267023 0.99999999 3.3444247e-05 -0.0042445763 0.00019347451 -3.346798e-05 0.99999998 -0.00089836903
0.99999998 0.00020528578 -7.3408594e-06 -0.0023894309 -0.00020528666 0.99999997 -0.00011949232 0.012880454 7.3163291e-06 0.00011949382 0.99999999 -0.00098722447
0.99999997 -0.00014065175 -0.00018710237 -0.00031585253 0.00014066417 0.99999999 6.634263e-05 -0.006950796 0.00018709304 -6.6368947e-05 0.99999998 0.0030069238
0.99999999 -2.3922758e-05 0.00014746867 0.0042720614 2.3886918e-05 0.99999997 0.00024303457 -0.0035538405 -0.00014747448 -0.00024303105 0.99999996 0.0065879608
1 6.0447778e-05 4.7153009e-05 9.2516251e-05 -6.0448881e-05 1 2.3391919e-05 0.0011752796 -4.7151595e-05 -2.339477e-05 1 -0.0016123201
0.99999999 -4.6987703e-05 -0.00012383112 0.0058921624 4.700568e-05 0.99999999 0.00014517339 0.002139897 0.0001238243 -0.00014517921 0.99999998 0.00049420537
0.99999999 -0.00013003595 6.6253647e-05 -0.0016570446 0.00013003345 0.99999999 3.770386e-05 -0.0068828682 -6.6258549e-05 -3.7695245e-05 1 -0.0033982314
0.99999996 0.0002476452 0.00014821592 -0.0038477872 -0.00024764594 0.99999997 4.9843708e-06 0.013665239 -0.00014821468 -5.0210757e-06 0.99999999 -0.0043767137
1 -1.1479558e-05 5.3391503e-05 -0.0042584847 1.147953e-05 1 5.3074253e-07 -0.0041423775 -5.3391509e-05 -5.3012962e-07 1 0.0032812206
0.99999999 -0.00016822689 -2.8816059e-05 0.00051786447 0.00016822327 0.99999998 -0.0001253211 -0.006981371 2.8837141e-05 0.00012531625 0.99999999 -0.00476311
0.99999999 8.7658566e-05 9.6347089e-05 0.00183011 -8.7650285e-05 0.99999999 -8.5956567e-05 0.0029758071 -9.6354623e-05 8.5948121e-05 0.99999999 0.0029431795
0.99999999 7.6942012e-05 -6.9201082e-05 -0.0026283992 -7.6927073e-05 0.99999997 0.00021585801 0.0094538379 6.9217688e-05 -0.00021585268 0.99999997 -0.0028407416
0.99999999 -0.0001199954 -8.3902137e-06 0.0017419257 0.0001199953 0.99999999 -1.1780924e-05 -0.012248549 8.3916273e-06 1.1779917e-05 1 0.0017576172
1 8.2693731e-05 2.0026828e-05 0.0026495515 -8.2694882e-05 0.99999999 5.748053e-05 0.0070801726 -2.0022075e-05 -5.7482186e-05 1 -0.0021637862
1 -4.2934436e-05 -6.5440255e-05 -0.0025771637 4.2938276e-05 1 5.8685591e-05 -0.0025685485 6.5437735e-05 -5.86884e-05 1 0.0001701202
0.99999999 1.3676094e-05 0.00013515557 -0.0030788832 -1.3691759e-05 0.99999999 0.00011590356 -7.5088811e-05 -0.00013515399 -0.00011590541 0.99999998 0.0039987584
1 7.7585763e-05 -3.1968324e-05 -0.0014201327 -7.7589291e-05 0.99999999 -0.00011039661 0.0022772218 3.1959758e-05 0.00011039909 0.99999999 -0.0041949198
0.99999998 -0.00019478016 7.3523035e-05 0.0041865661 0.00019476816 0.99999997 0.00016311691 -0.0046731479 -7.3554805e-05 -0.00016310259 0.99999998 0.00061050235
1 7.7660972e-05 3.7257196e-05 0.00051015142 -7.7655369e-05 0.99999999 -0.00015037143 0.0048858681 -3.7268874e-05 0.00015036853 0.99999999 0.0010826916
0.99999997 0.00019664902 -0.00013232785 -0.0014585981 -0.00019664368 0.99999998 4.0356726e-05 0.0058778679 0.00013233578 -4.0330704e-05 0.99999999 0.0017097111
1 -9.3660266e-06 8.7101558e-05 0.0011641444 9.3685818e-06 1 -2.9335034e-05 0.00065071466 -8.7101283e-05 2.9335849e-05 1 -0.0040193395
0.99999999 -0.0001260088 -6.4459938e-05 -0.00098080822 0.00012602527 0.99999996 0.00025564584 -0.0039936424 6.4427722e-05 -0.00025565396 0.99999997 -0.0015912836
0.99999997 -0.00023025253 1.699222e-05 0.0025990497 0.00023025191 0.99999997 3.6543286e-05 -0.017195248 -1.7000634e-05 -3.6539372e-05 1 0.0038998542
0.99999999 0.00010014127 8.2034719e-05 0.0048047768 -0.00010015567 0.99999998 0.00017553864 0.0063776878 -8.2017139e-05 -0.00017554685 0.99999998 0.0067407784
0.99999999 8.9439545e-05 -8.4276807e-05 -0.0013919846 -8.9429871e-05 0.99999999 0.00011478847 -0.0020630007 8.4287073e-05 -0.00011478093 0.99999999 -0.00076284125
0.99999997 -0.00012183249 0.00021338237 -0.0072242888 0.00012185689 0.99999999 -0.00011432025 0.00047959483 -0.00021336844 0.00011434625 0.99999997 7.7173899e-05
0.99999995 0.00022291617 -0.00021882632 -0.00011624349 -0.00022287833 0.99999996 0.00017293215 0.0098126549 0.00021886486 -0.00017288337 0.99999996 -0.0048906006
0.99999996 -6.9044245e-05 0.00027536894 -1.1620655e-05 6.8972716e-05 0.99999996 0.00025975702 -0.0015098329 -0.00027538686 -0.00025973802 0.99999993 0.0014852724
0.99999999 -0.00010925131 2.0404734e-05 0.0009536679 0.00010924813 0.99999998 0.00015586692 -0.0088094066 -2.0421762e-05 -0.00015586469 0.99999999 0.0028952007
0.99999997 4.6725826e-05 -0.00024940314 -0.0036592709 -4.6709508e-05 1 6.5433781e-05 -0.0016826823 0.00024940619 -6.5422129e-05 0.99999997 -0.0028452583
0.99999999 -6.1529686e-05 0.00015020486 0.0031464846 6.1517872e-05 1 7.8656426e-05 -0.0055990838 -0.0001502097 -7.8647184e-05 0.99999999 0.0064136057
0.99999999 4.3166811e-05 -9.7184201e-05 0.0028243119 -4.3172634e-05 1 -5.9923044e-05 0.0055961237 9.7181614e-05 5.992724e-05 0.99999999 -0.006687184
0.99999999 -0.00010211666 3.0889987e-05 0.0027009724 0.00010210932 0.99999997 0.00023761761 -0.0047065962 -3.091425e-05 -0.00023761446 0.99999997 -0.0024688894
0.99999998 2.4683131e-05 0.0001838322 0.0011419008 -2.4703281e-05 0.99999999 0.00010960701 -0.0018660796 -0.00018382949 -0.00010961155 0.99999998 0.0056040492
0.99999998 4.0337838e-05 -0.0001791496 -0.0076218982 -4.0356934e-05 0.99999999 -0.00010659098 0.0013496464 0.0001791453 0.00010659821 0.99999998 -0.0042713742
0.99999998 0.0001740277 6.7678309e-05 0.0044319648 -0.00017402994 0.99999998 3.3165227e-05 0.012750444 -6.7672537e-05 -3.3177004e-05 1 -0.00029559115
0.99999996 -0.00010986581 -0.00025549126 0.0014535962 0.00010989122 0.99999999 9.9443883e-05 -0.0064067216 0.00025548033 -9.9471956e-05 0.99999996 -0.0030255208
0.99999999 -0.00012710865 -7.4617902e-05 0.0024109328 0.00012710593 0.99999999 -3.6351976e-05 -0.0091537736 7.4622522e-05 3.6342491e-05 1 0.0037363248
0.99999999 9.2545729e-05 -0.00013471755 -0.0040558796 -9.2512866e-05 0.99999997 0.00024391993 0.0077750758 0.00013474011 -0.00024390746 0.99999996 0.005470656
0.99999998 9.3263139e-05 -0.00018006569 -0.0024308939 -9.3262242e-05 1 4.9892994e-06 0.0041639302 0.00018006615 -4.972506e-06 0.99999998 -0.0036332145
0.99999998 -0.00018598038 -0.00011350681 0.0056499177 0.00018597358 0.99999998 -5.9963954e-05 -0.0088483503 0.00011351796 5.9942844e-05 0.99999999 0.0044837537
0.99999996 0.00017372138 -0.00024329512 -0.0083242322 -0.00017374284 0.99999998 -8.816902e-05 0.01068792 0.0002432798 8.8211287e-05 0.99999997 -0.0031329215
1 -5.1351111e-05 2.1964158e-05 0.0047465317 5.1353615e-05 0.99999999 -0.00011403322 -0.0037735136 -2.1958302e-05 0.00011403435 0.99999999 -0.0038068718
0.99999999 -5.7729238e-05 0.00015182694 -0.0024259435 5.770259e-05 0.99999998 0.00017551303 -0.0052620962 -0.00015183707 -0.00017550427 0.99999997 0.0020462034
1 -6.2471669e-05 6.26813e-05 0.0062461976 6.2472222e-05 1 -8.8279486e-06 -0.0016233936 -6.2680749e-05 8.8318644e-06 1 -0.0006826819
0.99999997 0.00025177506 -1.075418e-05 -0.0096725325 -0.0002517747 0.99999997 3.3494708e-05 0.016953576 1.0762612e-05 -3.3492e-05 1 -0.00070883331
0.99999997 -0.0001952123 -0.00011580384 0.0012342624 0.00019519469 0.99999997 -0.00015209338 -0.017818996 0.00011583352 0.00015207077 0.99999998 0.00095854304
0.99999999 0.00010063985 -3.5018744e-05 0.0012474071 -0.00010063725 0.99999999 7.4441857e-05 0.0092607774 3.5026235e-05 -7.4438333e-05 1 0.0021738546
1 4.863385e-05 6.806195e-05 -0.00086764832 -4.8644569e-05 0.99999999 0.00015749213 0.00041151113 -6.805429e-05 -0.00015749544 0.99999999 0.00061890213
1 -2.1273464e-05 -6.1224525e-05 0.0026165432 2.1282726e-05 0.99999999 0.0001512799 0.00028979908 6.1221306e-05 -0.00015128121 0.99999999 0.0022168075
0.99999999 2.6251102e-05 -0.00016093647 -0.0015617867 -2.6243478e-05 1 4.7374688e-05 0.0019976814 0.00016093771 -4.7370464e-05 0.99999999 -0.0052372804
0.99999998 -0.00013065082 -0.00012269568 0.0073093433 0.00013065716 0.99999999 5.1661409e-05 -0.0021292867 0.00012268893 -5.1677439e-05 0.99999999 0.0022914119
0.99999999 -0.00011298135 -9.0528824e-05 -0.0046156234 0.00011299697 0.99999998 0.00017258759 -0.013036167 9.0509323e-05 -0.00017259782 0.99999998 0.00397144
1 6.0228579e-05 -6.6053662e-06 0.0026741585 -6.0226991e-05 0.99999997 0.00024015735 0.0074687476 6.6198304e-06 -0.00024015695 0.99999997 -0.0002904799
0.99999998 2.3544728e-05 0.00020888737 -0.0039751542 -2.3544877e-05 1 7.1141021e-07 -0.0029510025 -0.00020888735 -7.1632842e-07 0.99999998 0.0048599346
1 -2.1768048e-05 -4.8667675e-05 0.0020246991 2.1770522e-05 1 5.0848415e-05 -0.0020970425 4.8666568e-05 -5.0849475e-05 1 -0.00065389666
0.99999999 -0.00016135966 2.2522545e-05 0.0026941965 0.00016135665 0.99999998 0.00013345905 -0.010209229 -2.2544079e-05 -0.00013345541 0.99999999 -0.00262585
0.99999996 0.00022569816 -0.00014886216 -0.0025742961 -0.00022568537 0.99999997 8.5951986e-05 0.018626207 0.00014888155 -8.5918387e-05 0.99999999 0.0015423528
0.99999999 5.0220151e-05 0.00011361399 -0.00044426495 -5.0228528e-05 1 7.3730286e-05 -0.0012107746 -0.00011361029 -7.3735992e-05 0.99999999 -7.0021411e-05
0.99999996 -0.00027497365 7.7026595e-05 0.001829936 0.00027496418 0.99999995 0.00012298198 -0.015513249 -7.7060409e-05 -0.00012296079 0.99999999 0.0055287547
0.99999997 0.00011569628 -0.00023071619 -0.0012927214 -0.00011569137 0.99999999 2.1278398e-05 0.0059599334 0.00023071865 -2.1251706e-05 0.99999997 -0.0024601421
0.99999999 0.0001018916 -3.7340791e-05 0.0025717678 -0.00010189738 0.99999998 -0.00015481594 0.0082160565 3.7325016e-05 0.00015481974 0.99999999 -0.0026216038
0.99999998 -4.8587165e-05 -0.00021682337 -0.0041288237 4.8589362e-05 1 1.0126075e-05 -0.0094323283 0.00021682288 -1.013661e-05 0.99999998 -0.0053022734
1 -4.878768e-05 -3.0315734e-05 0.0036512201 4.8789571e-05 1 6.2393674e-05 0.0016266467 3.0312689e-05 -6.2395153e-05 1 0.0019115307
1 8.997918e-05 -2.3357704e-05 -0.0037977918 -8.9983371e-05 0.99999998 -0.00017950256 0.0032366238 2.3341552e-05 0.00017950466 0.99999998 -0.00071885369
0.99999999 -5.7722081e-05 -0.00013813067 -0.0031109819 5.771948e-05 1 -1.8830187e-05 -0.002696497 0.00013813176 1.8822214e-05 0.99999999 -0.0019243424
1 -7.6863787e-05 3.9091438e-06 0.0038912296 7.6864838e-05 0.99999996 -0.00026951719 -0.0018388 -3.8884276e-06 0.00026951749 0.99999996 0.0057139496
0.99999999 0.00013907008 -7.2619614e-05 0.0017856291 -0.00013906833 0.99999999 2.4081434e-05 0.0045388905 7.2622962e-05 -2.4071334e-05 1 -0.0024726139
0.99999999 9.1144965e-05 0.00012699658 -0.0034406511 -9.1155629e-05 0.99999999 8.3963072e-05 0.0042419884 -0.00012698893 -8.3974647e-05 0.99999999 0.00029631882
0.99999999 -0.00011693718 -3.0560636e-05 0.0047801293 0.00011693061 0.99999997 -0.0002148293 -0.0063120918 3.0585756e-05 0.00021482572 0.99999998 -0.001654934
0.99999999 0.00014205186 -7.177602e-05 -0.0085687621 -0.00014205151 0.99999999 4.8690403e-06 0.0092238173 7.177671e-05 -4.8588444e-06 1 -0.0019512504
0.99999998 -0.00019233932 -2.649718e-05 0.0053868491 0.00019233822 0.99999998 -4.1437114e-05 -0.012873107 2.650515e-05 4.1432016e-05 1 0.005212591
0.99999999 -3.9105549e-05 -0.00011089433 -0.00026052764 3.9138842e-05 0.99999995 0.00030024188 -0.0018405916 0.00011088258 -0.00030024622 0.99999995 -0.007313133
1 2.9015251e-05 8.6025852e-06 0.001003909 -2.901582e-05 1 6.6169185e-05 0.0011335375 -8.6006653e-06 -6.6169434e-05 1 0.0046096622
0.99999999 0.00010023114 -3.9080782e-06 0.00095462839 -0.00010023104 0.99999999 2.6511493e-05 0.0052710461 3.9107354e-06 -2.6511101e-05 1 0.0036935181
0.99999998 0.00017828726 -1.2782128e-05 0.00047359698 -0.00017828824 0.99999998 -7.71208e-05 0.018742634 1.2768378e-05 7.7123078e-05 1 -0.0060410305
0.99999993 -0.00030919568 -0.00018641413 -0.0016052204 0.00030917045 0.99999994 -0.00013538819 -0.027405929 0.00018645598 0.00013533055 0.99999997 0.0016885609
0.99999999 0.00011957032 9.3243161e-05 0.0034941014 -0.00011957638 0.99999999 6.5080641e-05 0.0091874232 -9.3235378e-05 -6.509179e-05 0.99999999 -0.00045775187
1 3.1545163e-05 2.299895e-05 -0.0037326583 -3.1549199e-05 0.99999998 0.00017550299 0.0053690426 -2.2993413e-05 -0.00017550372 0.99999998 0.0045945807
0.99999998 0.00013819866 -0.00013127805 -0.0012039441 -0.00013819275 0.99999999 4.5055994e-05 0.004222782 0.00013128428 -4.5037852e-05 0.99999999 -0.0025780745
0.99999995 -0.00030172715 -6.0910479e-05 0.0021046439 0.00030171996 0.99999995 -0.0001179971 -0.012938926 6.0946079e-05 0.00011797872 0.99999999 -0.0040061111
0.99999993 0.00035892693 -5.2561155e-05 0.0010716849 -0.0003589334 0.99999993 -0.00012321614 0.026652054 5.2516925e-05 0.00012323499 0.99999999 -0.00093064297
0.99999997 -0.00021511008 6.1461105e-05 -0.00030599355 0.00021511699 0.99999997 -0.00011231116 -0.01755143 -6.1436944e-05 0.00011232438 0.99999999 0.0034753195
0.99999998 8.8748027e-06 0.00020026297 0.0041738299 -8.8741053e-06 1 -3.4829169e-06 0.0011230962 -0.000200263 3.4811397e-06 0.99999998 0.00099266237
1 1.3853691e-05 4.2353449e-05 -0.0041242822 -1.3854383e-05 1 1.6337807e-05 -0.00063755325 -4.2353223e-05 -1.6338393e-05 1 0.0001997523
0.99999999 -4.3834076e-05 9.3396565e-05 0.0021984824 4.3831556e-05 1 2.6975335e-05 0.0001250911 -9.3397748e-05 -2.6971241e-05 1 0.00086288075
1 4.9692261e-05 -5.3838328e-05 -0.0029476636 -4.9694077e-05 1 -3.3728138e-05 0.0030885561 5.3836652e-05 3.3730814e-05 1 -0.0008326215
0.99999999 -6.4449403e-05 0.00010265514 0.0039454598 6.4429909e-05 0.99999998 0.00018988868 -0.00055537566 -0.00010266738 -0.00018988206 0.99999998 0.005753123
0.99999996 0.00017832304 -0.00020662141 -0.0094933542 -0.00017832275 0.99999998 1.4335089e-06 0.00774502 0.00020662167 -1.3966636e-06 0.99999998 -0.010261977
0.99999994 -0.00034646305 9.3719862e-05 0.0052420193 0.0003464497 0.99999993 0.00014236114 -0.018696197 -9.3769179e-05 -0.00014232867 0.99999999 0.0028429623
0.99999999 0.00017125399 -2.1057445e-05 -0.00052750021 -0.0001712526 0.99999998 6.6075799e-05 0.0073834045 2.106876e-05 -6.6072192e-05 1 0.00017284657
1 -7.1534758e-05 8.3636891e-06 0.0026376835 7.153567e-05 0.99999999 -0.00010905571 -0.0014976953 -8.3558878e-06 0.00010905631 0.99999999 -0.0011011091
1 -2.6075182e-05 6.9445929e-05 0.005307749 2.6073357e-05 1 2.6272393e-05 -0.0029797034 -6.9446614e-05 -2.6270582e-05 1 0.001788804
1 2.0920486e-05 8.0200285e-05 -0.0095215916 -2.0923784e-05 1 4.1113401e-05 -0.002052356 -8.0199425e-05 -4.1115079e-05 1 -0.00016406991
0.99999998 0.00018488936 -5.3980166e-05 0.001320315 -0.00018488005 0.99999997 0.0001725303 0.010449871 5.4012063e-05 -0.00017252032 0.99999998 -0.00099456398
0.99999998 -0.00012444472 0.00013997652 -0.0013529083 0.0001244521 0.99999999 -5.2722617e-05 -0.01032381 -0.00013996996 5.2740036e-05 0.99999999 0.0042517024
0.99999999 4.2118073e-05 0.00013830131 0.0029571991 -4.2100053e-05 0.99999999 -0.00013029485 -0.00092071654 -0.00013830679 0.00013028902 0.99999998 -0.0046733042
0.99999999 5.4004951e-06 -0.00015497111 -0.001254787 -5.3751594e-06 0.99999999 0.0001634866 0.0061715103 0.00015497199 -0.00016348577 0.99999997 -0.00014767266
0.99999999 -3.7998053e-05 0.000137698 -0.0011736762 3.8003564e-05 1 -4.0014755e-05 -0.0040200442 -0.00013769648 4.0019988e-05 0.99999999 0.0017562985
0.99999999 4.3813914e-05 -9.2844794e-05 -0.0019496299 -4.3805938e-05 1 8.5910176e-05 0.0018816657 9.2848558e-05 -8.5906108e-05 0.99999999 -0.0025203311
0.99999999 5.6400123e-05 -0.00011555498 0.0010162982 -5.6425417e-05 0.99999997 -0.00021889428 0.0025965313 0.00011554264 0.0002189008 0.99999997 0.00058970277
0.99999998 8.672652e-05 -0.00017904643 0.00024857072 -8.669344e-05 0.99999998 0.00018475561 0.0071683585 0.00017906245 -0.00018474009 0.99999997 -0.0038044729
0.99999998 -0.00014974603 -0.00012389157 -0.0008457158 0.00014980417 0.99999988 0.00046942439 -0.006787998 0.00012382126 -0.00046944294 0.99999988 -0.00068698292
0.99999992 3.4860111e-06 -0.00039563172 -0.0071708612 -3.0952768e-06 0.99999951 0.00098761761 -0.0066490277 0.00039563497 -0.00098761631 0.99999943 -0.011040375
0.99999934 -0.00019279773 -0.0011312645 -0.0091135515 0.00019429154 0.99999911 0.0013205227 -0.0098204766 0.0011310089 -0.0013207416 0.99999849 -0.041427557
0.99999923 -4.4330804e-05 -0.0012396676 -0.015873824 4.506648e-05 0.99999982 0.00059342389 -0.0025169585 0.0012396411 -0.00059347931 0.99999906 -0.046776997
0.99999978 6.3344334e-05 -0.00066104499 -0.021681843 -6.3209235e-05 0.99999998 0.00020439129 0.010435165 0.00066105792 -0.00020434946 0.99999976 -0.036959198
0.99999929 -0.00015375859 -0.001182371 -0.019684422 0.00015456358 0.99999976 0.00068076284 -0.011283518 0.0011822661 -0.0006809451 0.99999907 -0.049382794
0.9999957 -0.00013483336 -0.0029298073 -0.03911136 0.0001373132 0.99999963 0.00084623346 -0.0022342627 0.0029296922 -0.00084663212 0.99999535 -0.13134362
0.99999959 0.00020447719 -0.0008797047 -0.027541314 -0.00020403701 0.99999985 0.00050043317 0.02283536 0.0008798069 -0.00050025347 0.99999949 -0.028691025
0.9999999 -0.0004474916 -1.085939e-05 -0.022611875 0.0004474952 0.99999984 0.00033403087 -0.014835587 1.0709912e-05 -0.0003340357 0.99999994 -0.0044514394
0.99999998 -5.3277276e-05 -0.00021319588 -0.018631028 5.3338762e-05 0.99999996 0.0002884081 0.018818143 0.00021318051 -0.00028841946 0.99999994 -0.0088359403
0.99999948 -7.1353657e-05 -0.001022045 -0.023426787 7.1083101e-05 0.99999996 -0.00026475353 0.0086890423 0.0010220639 0.00026468074 0.99999944 -0.034323432
0.99999998 8.864714e-05 -0.00015893663 -0.022130655 -8.8655123e-05 0.99999999 -5.0223134e-05 0.011836372 0.00015893217 5.0237224e-05 0.99999999 0.001625076
0.99999996 0.00011101557 -0.00024184209 -0.0358317 -0.00011109823 0.99999994 -0.00034179478 0.023381288 0.00024180413 0.00034182164 0.99999991 -0.012315285
0.99999998 -0.00015100184 -0.00012664942 -0.023112505 0.00015102995 0.99999996 0.00022193247 0.016967792 0.0001266159 -0.00022195159 0.99999997 -0.0099262321
0.99999986 0.00020635291 -0.00049318744 -0.02390535 -0.00020630757 0.99999997 9.1979431e-05 0.031582247 0.00049320641 -9.1877669e-05 0.99999987 -0.0099691392
0.99999998 0.00010168756 0.00017773064 -0.020578739 -0.00010171299 0.99999998 0.00014311545 0.024778595 -0.00017771609 -0.00014313352 0.99999997 0.01152222
0.99999994 -1.8382957e-05 -0.000358529 -0.025971475 1.8379459e-05 1 -9.7582219e-06 0.021279661 0.00035852918 9.7516317e-06 0.99999994 -0.023534817
0.99999992 0.00029727979 -0.00024988673 -0.037458348 -0.00029716527 0.99999985 0.00045821364 0.041882069 0.00025002291 -0.00045813935 0.99999986 -0.010404278
0.99999966 2.4441242e-05 -0.00082533123 -0.029269885 -2.4035137e-05 0.99999988 0.00049205715 0.028645013 0.00082534316 -0.00049203714 0.99999954 -0.023689315
0.99999999 -8.4680079e-05 7.6849923e-05 -0.015030324 8.4656338e-05 0.99999995 0.00030888056 0.018277528 -7.6876075e-05 -0.00030887405 0.99999995 0.0088872796
0.99999888 -0.00055466153 -0.0013894041 -0.018781201 0.00055516175 0.99999978 0.00035966257 0.00078586418 0.0013892043 -0.00036043351 0.99999897 -0.038534147
0.99999991 -0.00024640664 0.00034825308 -0.012449916 0.00024669281 0.99999963 -0.00082192316 0.035091647 -0.00034805042 0.000822009 0.9999996 0.037474517
0.99999863 -0.00054107823 0.0015656086 0.0052133944 0.0005440881 0.999998 -0.0019227081 0.013653135 -0.0015645651 0.0019235572 0.99999693 0.086236341
0.99999786 -0.00029045085 0.0020487116 -0.0048719136 0.00029379459 0.99999863 -0.001632002 0.023720885 -0.0020482347 0.0016326004 0.99999657 0.079423207
0.99999797 -0.00022154432 0.0020043703 -0.013879211 0.00022250336 0.99999986 -0.00047826278 0.041762433 -0.0020042641 0.00047870779 0.99999788 0.07678648
0.99999985 -0.00051148246 -0.00021469686 -0.016606691 0.00051148348 0.99999987 4.7363089e-06 0.01844135 0.00021469441 -4.846122e-06 0.99999998 -0.0080327696
0.99999981 -0.00051095559 -0.00035175529 -0.019440181 0.0005107462 0.99999969 -0.00059512427 0.020785348 0.00035205926 0.0005949445 0.99999976 -0.0089715507
0.99999914 -0.00090482343 -0.00095433761 -0.014175939 0.00090577747 0.99999909 0.00099973 0.00066687784 0.00095343216 -0.0010005935 0.99999904 -0.013131103
0.99999619 -0.00022979857 -0.0027515034 -0.038868687 0.00022978785 0.99999997 -4.2144377e-06 0.035298207 0.0027515043 3.5821596e-06 0.99999621 -0.10400109
0.99999701 -0.0007065974 -0.0023391008 -0.027835259 0.00070786615 0.9999996 0.00054162489 0.0039197493 0.0023387172 -0.00054327904 0.99999712 -0.075950995
0.99999944 -0.0010311595 -0.00022299496 -0.019863603 0.0010312764 0.99999933 0.00052511837 0.024841444 0.00022245333 -0.00052534805 0.99999984 -0.010228076
0.99999972 -0.00071161457 -0.00023485021 -0.01143303 0.0007118207 0.99999936 0.00087882162 0.028579564 0.00023422468 -0.00087898855 0.99999959 0.029920537
0.99999885 -0.0011054005 -0.0010388485 -0.025460879 0.001104311 0.99999884 -0.0010487016 0.012655797 0.0010400065 0.0010475531 0.99999891 -0.022108839
0.99999918 -0.0012816774 2.3569918e-05 0.0042411026 0.0012817012 0.99999864 -0.0010409576 0.0007407172 -2.2235714e-05 0.001040987 0.99999946 0.030193271
0.99999751 -0.0011253913 0.0019265674 0.047895474 0.0011296643 0.9999969 -0.0022182991 0.03254109 -0.001924065 0.0022204699 0.99999568 0.080532173
0.99999458 -0.00078864215 0.0031980328 0.03735804 0.00078826777 0.99999968 0.00011832472 0.059653172 -0.0031981251 -0.00011580318 0.99999488 0.11236959
0.99999844 -0.0008212462 0.001565758 -0.019814785 0.00081833035 0.99999793 0.0018619946 0.032388782 -0.0015672839 -0.0018607104 0.99999704 0.038375555
0.99999988 -0.00024525388 0.0004194034 -0.005785079 0.00024515932 0.99999994 0.00022549634 0.062220046 -0.00041945868 -0.00022539349 0.99999989 0.014888827
0.99999978 -0.00025333214 0.00061969679 -0.0099469418 0.0002535741 0.99999989 -0.00039040414 0.046511902 -0.00061959782 0.00039056119 0.99999973 -0.019624337
0.99999995 -0.00030671238 -6.6800113e-05 -0.0004195041 0.00030677938 0.99999945 0.0010053166 0.053094833 6.6491733e-05 -0.0010053371 0.99999949 0.026736911
1 1.8327784e-05 4.9748565e-05 -0.011719526 -1.8314128e-05 0.99999996 -0.00027448879 0.061048633 -4.9753594e-05 0.00027448788 0.99999996 0.0042116117
0.9999998 6.141585e-05 0.00062908778 -0.010431529 -6.0824287e-05 0.99999956 -0.00094032669 0.053311072 -0.00062914525 0.00094028824 0.99999936 -0.021018185
0.99999988 -0.00022792136 0.00044124686 -0.0081964454 0.00022751206 0.99999954 0.00092741003 0.058403759 -0.00044145804 -0.00092730953 0.99999947 -0.0096181548
0.99999846 -0.00019591347 -0.0017420426 -0.0031203979 0.00019419031 0.99999949 -0.00098927647 0.048602476 0.0017422355 0.00098893666 0.99999799 -0.0018953235
0.99999692 0.0004435134 0.0024422268 -0.0095009528 -0.00043493311 0.99999374 -0.0035127172 0.055885961 -0.0024437694 0.0035116442 0.99999085 0.015107114
0.99999906 0.00040200948 0.0013079765 -0.021174791 -0.00040526999 0.99999681 0.0024934812 0.094890885 -0.0013069699 -0.002494009 0.99999604 0.020218307
0.99999992 -0.00040426033 6.064348e-05 -0.023737142 0.00040415051 0.9999983 0.0018002355 0.04723947 -6.1371141e-05 -0.0018002109 0.99999838 0.019493406
0.99999818 -3.7965438e-05 -0.0019081355 -0.035113051 4.5014601e-05 0.99999317 0.0036943601 0.068624151 0.0019079823 -0.0036944393 0.99999136 0.013556605
0.99999726 1.0443251e-05 -0.0023402468 -0.021796682 -1.1587044e-05 0.99999988 -0.00048873598 0.049376248 0.0023402415 0.00048876176 0.99999714 -0.034414482
0.9999991 -0.00024097419 -0.0013191453 -0.021544405 0.00023819951 0.99999776 -0.0021031436 0.043256703 0.0013196492 0.0021028275 0.99999692 -0.018461127
0.99999693 -0.0008014295 0.0023460759 -0.018104326 0.00079866278 0.99999898 0.0011799975 0.04197758 -0.0023470192 -0.0011781202 0.99999655 0.043234229
0.99999961 0.00018526944 0.00086269753 -0.023419339 -0.00018664162 0.99999872 0.0015907606 0.092806688 -0.0008624017 -0.001590921 0.99999836 0.033437033
0.99999853 -0.00013212992 0.0017090981 -0.0046464583 0.00013287601 0.9999999 -0.00043643335 0.074799964 -0.0017090403 0.0004366598 0.99999844 0.059052248
0.99999975 0.00031232682 -0.00062794254 0.00038739144 -0.0003123648 0.99999995 -6.0380095e-05 0.085423131 0.00062792365 6.0576228e-05 0.9999998 0.0044799007
0.99999758 -0.00024998815 -0.0021874599 -0.019923005 0.00025097332 0.99999987 0.00045010974 0.047652331 0.0021873471 -0.00045065764 0.99999751 -0.03017881
0.99998918 -0.00024913203 -0.0046453506 -0.032373595 0.00025264402 0.99999968 0.00075545096 0.05351549 0.004645161 -0.00075661641 0.99998892 -0.090541966
0.99999514 -0.00015817049 -0.0031151127 -0.049054767 0.00016038886 0.99999973 0.00071189577 0.066107068 0.0031149993 -0.00071239194 0.99999489 -0.037908422
0.99999884 0.00016605437 -0.0015173545 -0.03870432 -0.00016874182 0.99999842 -0.0017711818 0.069664631 0.001517058 0.0017714358 0.99999728 -0.0020903315
0.99999938 0.00017456183 0.0011002229 -0.02578626 -0.00017184867 0.99999695 -0.0024656286 0.076372359 -0.0011006499 0.002465438 0.99999636 0.024429029
0.99999564 -0.00051436322 0.0029070057 0.0054295172 0.00051868301 0.99999876 -0.001485433 0.081050254 -0.0029062381 0.0014869344 0.99999467 0.065553882
0.99999729 6.9137606e-05 0.0023268164 -0.012022881 -6.7070889e-05 0.9999996 -0.00088828317 0.073984994 -0.0023268769 0.0008881247 0.9999969 0.056513849
0.99999788 -3.3834657e-05 0.0020594717 -0.026724967 3.3814053e-05 1 1.0039185e-05 0.08065974 -0.002059472 -9.9695244e-06 0.99999788 0.022842837
0.99999997 -0.00014384475 0.00020997198 -0.012584752 0.00014372878 0.99999984 0.00055221903 0.084167349 -0.00021005138 -0.00055218884 0.99999983 0.01435149
0.99999991 8.5878588e-05 -0.00040786187 -0.028979853 -8.5811797e-05 0.99999998 0.00016377244 0.076156178 0.00040787593 -0.00016373743 0.9999999 0.012038709
0.99998676 -0.00049963945 -0.0051216746 0.79781939 0.00049660573 0.9999997 -0.00059358548 0.16001105 0.0051219696 0.00059103416 0.99998671 -0.021341988
0.99999446 7.636274e-05 -0.0033284925 -0.018760018 -7.6838467e-05 0.99999999 -0.0001427979 0.082064571 0.0033284815 0.00014305287 0.99999445 -0.031448693
0.99999792 0.00012458664 -0.0020377599 -0.027395665 -0.0001248042 0.99999999 -0.00010663679 0.0907044 0.0020377466 0.00010689088 0.99999792 0.0053456665
0.99999996 -6.0648523e-05 -0.00026443468 0.0014250959 6.0232695e-05 0.99999876 -0.0015722405 0.06872289 0.00026452971 0.0015722245 0.99999873 0.013855338
0.9999999 0.0001317262 -0.00042644244 -0.019630972 -0.00013246961 0.99999847 -0.0017437192 0.091359796 0.0004262121 0.0017437755 0.99999839 0.0072010233
0.99999881 -0.00027199325 -0.0015183411 0.0016863041 0.00026975607 0.99999888 -0.0014734514 0.075017034 0.0015187402 0.00147304 0.99999776 0.0031195123
0.99999973 0.00026236541 -0.00068470181 -0.021588643 -0.00026188456 0.99999972 0.0007022853 0.10218575 0.00068488587 -0.0007021058 0.99999952 0.02976395
0.99999861 0.0004059615 0.0016167836 -0.010142465 -0.00040493312 0.99999972 -0.00063634085 0.094066402 -0.0016170415 0.00063568528 0.99999849 0.0050814309
0.99999948 0.00011101455 0.0010146098 -0.0058525531 -0.00011009076 0.99999958 -0.00091049651 0.11510252 -0.0010147105 0.00091038434 0.99999907 0.02624883
0.99999831 -0.00094929628 -0.0015744914 -0.018994837 0.0009525016 0.99999747 0.0020362846 0.085102567 0.0015725544 -0.0020377808 0.99999669 0.016296853
0.99997485 -0.00100725 -0.0070209876 -0.03167078 0.0010186961 0.99999816 0.0016268854 0.090886405 0.007019336 -0.0016339967 0.99997403 -0.011457416
0.99999824 -0.0013587991 -0.0012907805 -0.011480182 0.0013619784 0.99999603 0.0024654149 0.10200464 0.0012874254 -0.0024671685 0.99999613 0.019819983
0.99998985 0.00030178133 0.0044958285 0.0048101325 -0.00027974494 0.99998795 -0.004901342 0.10288271 -0.0044972535 0.0049000345 0.99997788 0.02298841
0.99998046 -0.00013144953 0.0062505972 0.0056299828 0.00014718319 0.99999682 -0.0025167528 0.11679618 -0.0062502465 0.0025176236 0.9999773 0.043087316
0.99999097 -0.00019866844 0.0042450812 0.016271329 0.00020459968 0.999999 -0.0013968135 0.12971864 -0.0042447994 0.0013976694 0.99999001 0.011921954
0.9999999 -0.00013381088 -0.00043267247 -0.023819442 0.0001341519 0.99999968 0.00078823775 0.12824967 0.00043256686 -0.00078829572 0.9999996 0.018808528
0.99999944 -0.00093012938 0.0005035638 -0.016979465 0.0009292436 0.99999803 0.0017564029 0.1294818 -0.00050519649 -0.0017559339 0.99999833 0.02217879
0.99999819 3.7736015e-05 0.0019043715 -0.00083257057 -3.7355379e-05 0.99999998 -0.00019990995 0.14451485 -0.001904379 0.00019983844 0.99999817 0.0096346659
0.99999773 0.00064942754 0.0020273596 -0.013749501 -0.00064939445 0.99999979 -1.6979407e-05 0.12096797 -0.0020273702 1.5662813e-05 0.99999794 0.024345736
0.99999533 -0.00036572623 0.0030337991 0.0039447791 0.00036733945 0.99999979 -0.00053121091 0.12071573 -0.0030336042 0.00053232286 0.99999526 -0.020490256
0.99999854 -0.00030325104 0.0016807251 -0.0081045941 0.00030493583 0.99999945 -0.0010022525 0.12679546 -0.0016804203 0.0010027635 0.99999809 -0.022299341
0.99999979 -9.4661784e-05 0.00063663306 -0.023354984 9.419895e-05 0.99999973 0.00072699354 0.1346513 -0.0006367017 -0.00072693342 0.99999953 0.011772369
0.99999946 -0.00037149636 0.00097217511 -0.015339908 0.00037151319 0.99999993 -1.7133637e-05 0.14355688 -0.00097216868 1.7494804e-05 0.99999953 0.0069312251
0.99999979 -0.00048054885 -0.0004302383 -0.0074360298 0.00048106882 0.99999915 0.0012092872 0.13767522 0.00042965681 -0.0012094939 0.99999918 0.019873068
0.99999963 0.00047251182 0.00072399685 -0.012184112 -0.00047291215 0.99999974 0.00055287601 0.10063958 -0.00072373542 -0.00055321819 0.99999959 0.0066377406
0.99999979 -0.0004438023 0.00046947066 -0.019196496 0.0004437529 0.9999999 0.00010531938 0.1175728 -0.00046951735 -0.00010511103 0.99999988 0.004862085
0.99999993 -5.6613235e-05 0.00037105395 -0.0045081346 5.6528473e-05 0.99999997 0.00022844282 0.10922246 -0.00037106687 -0.00022842182 0.99999991 0.0069202401
0.99999979 -0.00060278745 -0.00022877838 -0.0066957501 0.00060271941 0.99999977 -0.00029738742 0.12746963 0.00022895759 0.00029724946 0.99999993 -0.0012363364
