29.285837 0 0 0
52.671352 0.27275002 0.94354796 0.000121
58.247272 0.588283 43.24926 6.8000001e-05
57.649925 0.49622297 1.984915 4.3e-05
56.032753 0.56952697 1.734097 6.4e-05
54.473 0.62477297 3.355927 6.9000002e-05
57.460457 0.68804699 6.204916 7.5000004e-05
70.974258 1.3263949 3.5666661 0.00012
51.996407 0.66278201 4.1197772 4.8000002e-05
53.679363 0.55595499 4.0058861 4.3e-05
85.445129 2.0311339 16.386961 3.9999999e-05
66.016579 0.58231503 4.3906088 0.000118
55.937805 0.60727805 4.5739708 4.5000001e-05
69.669914 0.77621597 5.3239431 0.00013299999
53.695873 0.65306902 6.64431 4.7000001e-05
68.285889 0.71568799 7.1748161 5.1999999e-05
56.427837 0.88691598 5.7475071 5.0999999e-05
72.112694 0.59884197 6.3945618 4.5000001e-05
53.080654 0.82866997 7.4378262 5.0000002e-05
52.741299 0.62888998 7.3375959 4.9000002e-05
55.489258 2.162329 8.4166374 3.4000001e-05
53.75605 0.52619398 7.4948368 3.5999998e-05
55.95319 0.82656699 11.157757 3.5999998e-05
52.706146 0.84852499 9.5441809 5.0999999e-05
51.976627 1.177191 14.033315 0.000141
50.015118 1.424569 15.24587 4.9000002e-05
53.674213 1.080148 15.872031 0.00026100001
54.777515 1.207219 13.190975 0.000106
52.309277 0.873972 14.50642 6.2999999e-05
55.032345 1.444492 14.39473 7.1999995e-05
54.010113 6.0520191 19.051493 0.000114
53.368557 1.523242 15.376784 0.00012300001
59.212524 1.8721391 19.084642 0.000108
53.596725 1.5005881 15.814795 5.0000002e-05
60.580711 1.67065 19.260408 0.000119
57.078758 1.548658 16.340742 5.1999999e-05
56.97913 1.6808131 22.547995 0.000122
54.117722 1.89507 14.952558 0.00026299999
95.154396 2.5253069 72.342712 5.5e-05
56.782692 1.418135 19.077801 0.000113
59.95005 7.113431 19.771795 0.000153
56.324146 3.7223158 22.222528 3.4000001e-05
58.785427 2.918946 21.734537 0.000126
58.340836 1.514626 26.322685 0.000109
61.222263 2.9107521 51.469566 0.000109
60.674465 2.297349 33.831326 0.000115
61.647377 1.6665421 24.133663 0.000132
76.715889 3.704535 23.879416 0.000106
52.739529 4.1513872 24.620291 7.9000005e-05
50.125359 3.607945 22.887821 0.000119
56.54834 10.412028 29.333342 0.000106
68.304466 2.584712 28.097515 0.000109
68.851028 3.834852 19.646011 0.00013
60.314396 5.2120585 36.111843 0.00012
56.484028 3.3894548 14.004694 0.000111
48.488598 3.9181342 27.906227 0.00014600001
54.273418 6.2134819 29.496088 0.000113
44.741215 4.0791082 44.933567 0.000112
50.19915 3.9685602 33.302727 0.000136
46.561977 3.3887939 27.161844 0.000117
47.121784 10.537873 26.049067 0.00012
49.432331 2.5151479 32.341629 0.00012899999
46.110634 3.2884338 29.428385 0.000109
48.852924 2.319448 28.290312 0.000113
52.750271 3.8804619 32.979557 0.000116
44.545506 4.735383 30.844034 0.000121
46.390713 3.5820758 29.19825 0.000141
53.001137 4.4784441 12.077919 0.00014399999
46.567711 3.8436291 25.710825 0.000106
45.308708 5.5416312 27.825422 0.000141
47.711212 12.286197 19.892412 0.000107
49.476715 1.6206239 36.302647 0.000107
47.828648 3.8620939 32.845329 0.000126
47.531635 3.6624911 27.242537 0.00026999999
44.383533 3.9294209 35.014744 0.00016900001
48.034664 3.4652481 30.869616 0.000107
45.938255 3.329514 36.382401 0.000108
47.352932 2.5685821 34.235443 0.000138
44.194363 3.9116042 31.36434 0.000145
60.451694 3.5258899 42.589565 0.000108
50.792915 11.699586 44.987553 0.000108
49.068459 3.0649059 22.824043 0.00011
48.480167 5.6665549 36.511429 0.000108
49.228691 3.5214529 37.070904 0.000109
48.624207 3.5452461 41.211636 0.00012700001
51.187359 3.800045 29.57383 4.0999999e-05
61.150585 3.4320002 78.162018 0.000115
44.69136 4.041471 26.162825 4.4e-05
62.176373 3.053304 35.120853 5.1999999e-05
49.682316 5.137537 33.310619 0.000107
48.239964 12.992994 39.426449 0.000114
51.546185 3.9673028 36.446369 0.000112
47.906403 3.620091 35.93338 0.000121
56.831234 6.1657009 27.792852 0.000104
50.259945 5.8557839 38.683365 0.00011
49.041382 3.8490059 42.546444 0.000117
55.22139 5.8290191 73.2658 0.000124
51.259914 4.348002 25.091051 0.00022
46.200909 2.673435 39.168861 0.00012
46.901897 3.389761 33.941444 0.000117
70.280159 18.527412 72.937485 0.000112
48.869507 2.4712169 37.169601 0.00025700001
55.812798 3.7588689 43.602535 0.000111
48.701046 3.4500251 26.575356 0.000359
52.30722 4.1825476 39.997635 0.00012
51.069668 3.616188 28.663221 0.00012
50.04158 4.1108532 31.61725 3.7999998e-05
50.792961 2.5554481 49.342381 0.000119
48.352394 4.1577978 58.566959 0.0028869999
48.620888 3.9853611 35.264545 0.000115
48.907799 10.337108 26.526806 0.000113
48.198967 2.1067491 25.555267 0.000121
52.952225 4.4020548 30.330317 0.000109
50.6054 4.8099151 29.337437 0.00011
61.68515 4.0674243 43.059238 0.00013
49.352341 3.8245389 34.315552 0.000183
49.162701 5.2406516 18.287895 0.000114
49.86787 2.378083 19.29167 9.2000002e-05
51.25766 2.381722 23.025166 0.000117
52.928871 3.867619 27.863239 0.000124
52.236526 11.824787 43.097126 0.0001
52.918251 2.5351229 34.974895 0.00015899999
51.99931 3.470022 36.433418 4.8000002e-05
47.137871 3.577075 35.650009 5.1999999e-05
47.759876 4.5102978 35.692902 0.000113
47.396255 3.7735391 41.646637 0.000106
46.210464 3.7105629 26.493885 0.000113
60.949055 3.9285753 24.460205 7.7999997e-05
44.655205 3.4883089 35.602554 0.000122
63.170036 9.6904697 39.24931 0.000128
45.818855 12.515779 29.694466 0.000106
49.45813 2.6292989 40.338348 0.000134
43.606861 3.4418089 28.979969 0.00011
49.022118 3.557173 51.278687 0.00029
49.160721 5.0691452 34.929131 0.000104
48.127571 4.2621241 36.612583 0.00015599999
41.843952 5.05264 23.605192 0.00015199999
55.731911 4.391717 52.262951 0.000168
44.887592 2.4928598 34.522865 0.000121
42.713387 2.488343 31.095318 0.000124
43.136597 12.838242 27.259262 0.000136
43.786541 2.8721242 28.616268 0.000111
45.058029 3.4561949 29.842379 0.000108
50.695473 3.7629569 28.449112 0.000122
50.620819 3.480763 36.641346 0.000117
43.633369 3.287004 33.938862 0.00011
48.170536 3.6139479 26.496534 0.000113
42.725712 4.3899598 28.967541 0.000103
60.285275 4.3442569 35.37693 0.000386
47.666229 4.3636131 28.552017 0.000107
60.381878 13.935265 31.308811 9.4999996e-05
44.540943 2.7060969 23.521561 0.00014600001
62.546963 2.2522631 24.940668 0.000107
45.382118 4.7374582 26.263405 0.000151
50.875977 3.9863131 39.538807 0.000107
46.609715 3.522537 28.328728 0.000109
49.039539 4.4083309 40.422752 0.00012
42.964924 3.704994 17.807257 0.00012
45.38361 3.9714003 21.160622 0.000115
47.499969 3.5387301 24.354136 3.4000001e-05
46.012009 11.734277 24.507013 0.000105
45.861984 2.9175332 29.025105 0.000142
48.313213 4.277986 25.709059 0.000329
42.275951 2.6626279 27.914692 0.000103
44.288475 2.8991001 17.571253 0.000115
49.476898 3.9117391 23.607355 0.00018500001
40.747536 4.0980296 27.119759 9.6999996e-05
65.271889 4.03616 33.089882 0.000118
42.206707 4.4294529 27.055019 0.000109
49.454491 4.1879263 40.39806 0.00012899999
44.487141 9.8940191 18.648407 9.8000004e-05
49.559292 2.9508221 34.049458 0.000117
43.536777 3.228267 25.822655 0.000111
43.573063 9.5296783 18.920897 0.000116
42.382076 3.7450631 31.833765 0.000117
44.578152 3.5267069 14.681836 0.00011
42.240307 2.7815042 14.834625 0.000109
42.41296 2.3520322 14.44021 0.000107
41.830303 3.9964778 24.055136 0.000113
44.249062 3.1007888 12.16478 6.1000002e-05
55.539837 11.376869 20.320662 0.000117
43.202419 2.5587628 16.64229 0.000122
80.732887 11.701648 81.231888 0.00012700001
42.447079 4.7577114 24.97538 0.000116
47.647686 3.678473 98.232162 0.000108
48.717819 4.0513859 12.859438 0.000111
47.530704 4.0431581 28.320065 0.000134
41.574959 3.148006 13.262636 0.000109
45.749405 4.4603772 11.858849 0.000124
43.967216 5.215158 11.617336 0.000106
51.201591 14.775376 18.07094 0.000451
45.251682 2.5187061 15.75896 6.6000001e-05
42.186626 3.299473 28.21418 0.000105
52.964466 4.8375802 24.710787 0.00013099999
44.086094 3.9939401 11.82646 0.000114
44.498863 4.4549952 40.83749 0.00016699999
50.174057 3.9218512 47.415749 5.1999999e-05
62.014309 4.0755768 19.859665 0.000117
42.002323 2.7770591 19.136335 0.000118
47.835526 5.7946548 21.010239 0.000117
43.376068 14.591769 20.228151 0.000149
57.03141 3.4657769 53.476997 0.000113
42.494465 2.474803 14.65677 0.000136
42.261711 2.572453 20.188358 0.000111
42.970364 3.652874 14.19422 0.000111
45.8242 7.5408378 17.765703 0.000114
44.15929 4.5188661 13.679226 0.000121
44.791142 3.958339 26.592587 0.000115
40.412354 5.024282 24.383987 0.000137
46.052853 2.4844589 23.432405 0.000136
64.70993 14.074821 15.84599 0.00012899999
44.814335 3.682976 11.802949 0.000104
47.389683 4.0802488 37.246437 0.00012899999
43.606785 3.9479411 22.152914 0.000106
47.1717 3.729147 19.893969 4.7000001e-05
43.30621 3.6846879 26.722343 5.3e-05
46.639156 4.5378571 24.184334 0.00011
45.701126 3.4698029 17.168833 0.000111
43.719185 4.4545732 16.491144 0.00011
58.110821 3.7759409 17.591955 0.000126
44.966457 20.103813 34.36359 0.00012700001
52.026833 2.8764641 23.754175 0.000142
45.365677 3.5106082 16.522602 0.000111
46.441036 4.379003 42.076359 0.000105
56.544807 6.5475931 18.362816 0.000107
50.579636 3.8916571 19.069244 0.000118
43.488438 3.0524082 19.999464 0.000103
46.288826 3.789664 52.295338 0.00011
48.479797 3.5328901 24.079174 0.000111
46.092052 3.7691648 13.26103 0.000113
44.7616 11.056973 20.307981 0.000111
47.580154 2.7721841 16.514977 0.000111
44.33733 3.4062939 19.071701 0.000108
46.65062 4.0316296 14.297174 0.000116
59.998775 3.617651 18.634743 0.00012500001
42.266083 3.5156832 15.698628 0.000105
52.745312 3.77351 26.498857 0.000118
54.077499 3.7153981 14.568239 0.00045399999
45.172745 3.541467 19.513546 0.00015800001
44.513229 3.5492489 13.783672 0.000113
46.76292 21.919987 46.519424 0.000136
45.746571 2.658607 16.728107 0.00011
46.703705 3.244899 13.988296 0.000115
89.084854 7.119101 82.99688 0.000107
48.069012 3.7580678 20.488171 0.000122
42.355171 3.7617381 25.06638 0.000113
47.626057 3.973973 22.841337 0.000117
44.232159 3.5960028 20.102428 0.000107
50.562515 3.9775112 15.026213 0.000113
42.694 4.0383329 16.458342 3.9999999e-05
45.735924 15.848744 22.818701 0.000109
52.603012 7.5235209 17.596869 0.000134
43.782814 3.261925 22.007864 0.000106
44.820866 3.784951 15.731873 0.000134
43.82402 4.6994772 25.37248 0.00013
52.404224 3.473825 21.122824 0.00013
43.931278 3.742435 26.10816 0.000108
48.739864 3.7922449 19.576431 0.000118
45.13567 4.038837 17.182331 0.000111
49.069321 4.058105 27.741741 0.00016900001
44.858425 12.359178 23.838343 0.00013499999
47.302986 4.5170612 21.938169 0.000132
44.354488 4.0270009 17.385258 0.000105
47.181156 3.7853119 22.106102 0.000111
45.822086 3.5234232 22.781788 0.00016900001
50.03196 4.1290679 26.513922 0.000137
50.928513 4.0971093 36.562477 0.000115
44.349979 3.3331921 24.545927 0.000117
44.383564 2.5019741 17.793116 9.8000004e-05
44.11097 4.0427389 17.455618 0.000111
44.894188 13.081016 15.186699 0.000113
45.30867 2.352236 20.116104 0.000107
61.955757 5.155385 40.336735 0.000115
56.076241 6.1519241 110.93575 0.000115
53.092453 4.7312789 18.189365 0.000108
45.329819 3.887398 33.928349 0.000115
46.380428 3.6369591 14.63537 0.000121
43.87558 4.2347112 32.166016 0.00013099999
42.857098 3.682353 22.5511 0.000109
43.455883 3.881577 16.845713 0.000106
63.216492 11.867126 23.92989 0.000108
47.951046 3.3639569 32.234589 0.000116
61.28043 2.5449741 32.735531 0.000122
44.108379 3.6348889 23.13496 0.000119
65.239662 2.3368769 19.941147 0.000116
47.329441 4.7992163 23.947113 0.000105
54.208271 3.500519 28.846863 0.000116
41.536339 2.3292611 21.337555 0.000116
48.213879 4.8288713 71.787598 0.00012500001
44.871731 4.0169697 30.075237 0.000112
53.753571 28.612389 31.012539 0.000107
43.807991 2.6381879 32.684563 0.000116
43.689648 3.461652 20.940996 0.000122
50.622124 4.2198639 29.611628 0.000114
42.572647 4.1879101 11.88604 0.000108
46.466396 3.8517468 21.503044 0.000134
54.501595 4.421721 27.143831 0.000121
46.501438 4.818574 28.663616 0.000141
45.336742 4.5590053 15.579223 0.000432
46.968746 3.891186 26.221697 0.000126
43.376095 11.999546 28.60326 0.00014399999
45.384785 4.2847862 24.978645 0.000108
43.760918 3.31706 12.914892 0.000137
44.114071 4.0590711 22.074226 0.00013299999
49.39941 3.656029 16.698427 0.000151
45.884727 2.4043679 17.215687 8.6999993e-05
44.226372 2.3804178 25.616587 0.00012300001
45.922478 3.562185 25.283331 0.000109
48.117607 3.6119051 27.456085 0.000116
44.125935 2.4181581 23.029678 0.000105
47.657951 11.597054 22.700605 9.4999996e-05
44.644184 4.3256111 22.758844 0.000115
53.731052 3.838377 18.49078 0.000103
53.019424 4.1165719 14.324858 0.00011
46.054649 2.782809 19.628132 9.0000001e-05
42.609634 2.9704659 18.38097 0.004379
41.045063 4.1503353 15.620492 0.000108
46.309132 3.6943359 20.703199 0.000112
42.545807 3.1005931 13.353845 0.000132
42.515255 4.516593 33.226841 0.000111
46.481834 11.49224 18.848974 0.00015199999
43.82645 2.7772579 13.411476 5.0999999e-05
43.586552 2.218158 18.779655 0.00014
48.837486 3.254704 20.270309 0.00011
45.144321 3.7112629 15.625907 0.00012
52.275513 5.3338161 24.834143 7.0000002e-05
44.952213 3.5676992 19.858105 0.000112
52.55167 9.0278606 23.426655 0.00012700001
46.267914 3.3850739 24.01676 0.000119
46.406666 3.9270241 11.558382 0.00014
46.181797 14.059182 19.440603 0.000207
41.68927 3.2954578 25.262119 0.00013099999
51.829762 2.286551 11.610847 0.00016
43.367577 4.5348158 26.380093 0.000118
50.335972 3.6149061 49.659271 0.00013099999
50.893162 3.579586 32.375469 0.00012700001
46.710705 5.1037521 17.368399 0.000114
47.481705 3.590436 19.759735 0.000119
48.802647 4.7231636 25.222271 0.000149
47.430634 3.7909729 16.948355 0.000114
45.776241 13.741035 20.662275 0.00015899999
50.209946 2.6602361 21.136776 4.3e-05
45.599258 3.8892171 22.009012 0.00013499999
46.167542 3.6122899 12.512519 0.00011
48.71957 2.4999061 26.36911 0.000101
44.218346 3.8172789 29.950249 0.00014799999
46.133705 4.0003839 17.705385 0.000109
45.547188 4.262548 15.871107 0.000105
46.247303 3.7338672 25.876019 0.000114
48.343021 13.896008 17.048582 0.000111
43.402653 11.974336 22.845112 0.0001
47.274761 7.213027 40.998295 0.000108
50.227978 3.482235 32.96442 0.000119
58.67733 5.3033471 21.918921 0.000114
44.452591 3.744077 29.728783 0.000126
51.525379 4.656414 19.08359 0.000143
61.670567 3.8706312 32.323399 6.7000001e-05
58.559681 5.2651539 49.546722 0.000119
47.170067 2.532145 30.861591 0.00012
64.39518 2.9512539 23.361631 6.9000002e-05
50.179169 13.357815 27.680904 0.000108
72.883652 3.7850449 14.03662 0.000143
47.146427 5.7179918 19.842262 0.079232
50.556255 4.0266151 24.41342 0.000114
45.563484 2.7092569 32.674431 9.2000002e-05
55.958042 3.9804969 29.081099 9.6999996e-05
47.922321 2.5540979 44.506874 0.000113
66.019363 4.1949468 18.023508 0.000176
46.098377 3.8653309 16.784578 0.00011
46.334183 3.7325521 26.913502 0.00011
46.293686 11.832801 23.219128 0.000102
48.87204 2.9069159 13.47048 0.00012
47.768356 3.8458591 32.336353 0.000138
45.257965 4.7497382 26.122906 0.000165
43.35379 4.2426291 17.91988 0.00045999998
44.646252 3.8356969 31.647894 4.5000001e-05
46.584942 3.939414 23.727413 0.00013499999
49.986008 4.1285381 15.532538 0.00014399999
48.492733 4.1083007 45.702942 0.00011
46.9184 2.332629 19.849941 0.000101
78.339096 25.1966 49.795033 0.00015000001
45.461777 2.6049709 31.450439 0.00040200001
53.179489 3.986454 35.44434 0.00012700001
45.879578 3.9734073 15.662905 0.00012500001
43.413136 2.526494 14.813564 0.000114
40.597889 3.3760049 10.974259 0.000119
47.809376 3.5359712 15.573647 0.000137
51.621704 3.7990041 20.957771 0.000126
51.313522 4.2747712 68.690224 0.00014399999
44.834267 3.5032609 24.220348 0.000112
44.408436 12.808951 20.995123 9.8000004e-05
52.836571 2.7360361 20.020088 0.000113
44.533138 2.3387849 12.168576 9.2999995e-05
48.983467 4.1247082 30.871351 0.000122
45.251125 3.8589649 22.458851 0.00014
48.445557 4.0749769 16.837303 9.8000004e-05
46.97295 3.86976 12.019057 4.7000001e-05
50.725895 4.3935661 16.130781 0.000114
45.753094 2.751209 25.440945 0.000116
47.002945 3.501663 13.206878 0.000116
45.580231 12.638805 20.182928 0.000111
44.61768 2.789206 12.577837 0.00011
53.834949 2.262512 11.673473 0.000132
66.327347 4.4595981 88.725327 9.4000003e-05
43.67519 3.7800422 17.989136 0.000113
45.533703 3.6786389 32.709797 0.000117
43.627735 3.981256 32.759499 0.000108
42.95681 4.2559142 43.034122 0.000111
40.406471 4.13871 34.402031 0.00012700001
43.312714 2.3498082 33.91993 0.00032700002
49.057743 11.912354 26.807348 9.2000002e-05
41.316795 2.6242981 33.743885 0.000134
38.985107 3.2536712 30.461786 0.00012
45.883484 3.5232768 30.937515 0.000107
55.806805 2.566196 28.10664 0.000151
40.908741 3.7430398 27.92852 5.3e-05
42.898922 3.096837 29.862728 0.000104
41.164753 4.8454781 30.561861 0.000109
56.449066 4.892107 73.469536 0.000107
40.572632 3.9135878 29.835276 0.000113
41.811348 10.497655 37.79554 0.000105
39.834942 1.542322 29.610456 9.6000003e-05
42.290058 2.382787 22.667351 9.8000004e-05
40.363274 4.4173212 27.47028 0.000113
41.29599 3.6138141 30.497055 0.000113
39.651752 4.4668369 45.222107 0.000109
46.677879 4.1942916 40.572033 0.000126
45.144047 3.8063431 29.155178 0.000153
39.341091 3.606817 29.905035 0.000112
43.118031 4.9860821 40.55843 0.000111
41.654087 12.577576 24.669832 0.000117
39.465275 2.528476 29.307314 0.00015899999
36.419216 4.083549 25.624193 0.00035100002
39.620956 3.6403561 36.107353 0.000139
47.279835 4.1177964 30.305536 0.00040300001
44.491459 4.3333707 36.839333 0.000117
54.299427 3.81371 30.226896 0.00012300001
39.147701 3.600956 35.13913 0.000139
41.179268 6.6279378 43.645222 0.000151
38.664837 4.4064507 24.598328 0.000107
44.806343 13.806612 30.858059 0.000139
43.065876 2.8604 20.574556 0.000139
43.863491 3.5855081 21.552687 0.00012
36.921997 3.3608 29.022364 0.000116
40.398464 3.4070051 26.573439 0.000122
39.415855 2.337981 26.959475 0.000111
38.818386 2.2810841 24.566166 0.00011
54.060329 4.9923768 25.831427 0.000111
39.16634 4.111959 30.379993 0.000116
37.7169 4.2206249 32.859123 0.00023600001
39.147381 17.108067 22.482342 0.000428
59.288044 3.3269761 35.279102 0.000122
36.182446 2.1230869 31.324188 0.00012899999
36.386982 5.3830256 42.874565 0.00025799999
43.700348 3.692625 19.989956 0.00012899999
35.89399 4.9752097 25.325386 0.00012700001
36.609306 5.4684668 31.0331 0.00036899999
41.627407 3.5927632 39.875427 0.000116
35.397778 2.6123171 26.188515 0.000118
36.952278 3.7895091 29.873999 0.000114
36.055241 10.673849 21.54406 0.000201
36.452503 2.5774381 37.619526 0.00033500002
39.930836 4.9506092 46.734661 0.000109
38.67799 4.6710262 31.446051 0.00088899996
36.884865 3.8230669 29.345478 0.000121
36.969677 3.1823668 37.321445 0.000114
46.717781 3.8126609 35.385624 0.000116
35.591022 3.4289749 23.467064 0.000107
36.983669 2.2474098 19.46608 0.00012700001
34.807182 3.773649 23.756126 0.000134
34.368015 10.996286 23.920961 0.00028000001
41.316143 2.7068582 24.36138 0.000149
30.957729 3.2723169 23.294209 0.000114
37.860256 3.532748 56.471371 0.000115
31.16065 2.6109331 25.967266 5.1999999e-05
31.260841 3.5853109 45.314594 0.000103
28.843466 3.3261011 25.389259 0.000114
31.904728 3.9822421 23.986946 0.000111
30.541178 3.6911318 25.838808 0.000103
34.377495 3.7611411 22.083988 0.00012300001
37.163746 12.305924 31.514484 0.00012
33.344021 2.1279628 29.888628 0.000105
33.919834 2.8444431 29.256409 0.000117
33.268604 4.7340412 28.0746 0.00013
34.496986 3.019958 22.992506 0.000113
33.95137 3.6525562 34.316109 0.000117
42.482239 3.297648 27.458662 4.2e-05
38.191093 3.0933361 24.845478 0.000134
35.975357 3.4216781 21.099346 0.000143
35.952042 3.573875 23.739794 0.000138
34.563999 10.442736 22.070309 5.9000002e-05
37.742577 1.429098 24.033148 0.000115
36.145382 2.801795 22.674706 0.000122
